0.750000 Colors/lbrown.bmp
0.240000 -0.250000 -0.560000 0.080000 0.050000 0.080000 0 Colors/orange.bmp Objects/cube.obj 3 3 28 -1 -1 -1 -1 -1 -1 -1
0.410000 -0.250000 -0.560000 0.080000 0.050000 0.080000 0 Colors/orange.bmp Objects/cube.obj 3 5 -1 -1 -1 -1 -1 -1 -1 -1
0.580000 -0.250000 -0.560000 0.080000 0.050000 0.080000 0 Colors/orange.bmp Objects/cube.obj 3 4 29 -1 -1 -1 -1 -1 -1 -1
0.240000 -0.150000 -0.560000 0.080000 0.050000 0.080000 0 Colors/orange.bmp Objects/cube.obj 12 28 -1 -1 -1 -1 -1 -1 -1 -1
0.580000 -0.150000 -0.560000 0.080000 0.050000 0.080000 0 Colors/orange.bmp Objects/cube.obj 12 29 -1 -1 -1 -1 -1 -1 -1 -1
0.410000 -0.150000 -0.560000 0.080000 0.050000 0.080000 0 Colors/brown.bmp Objects/cube.obj 12 -1 -1 -1 -1 -1 -1 -1 -1 -1
0.070000 -0.250000 -0.470000 0.080000 0.050000 0.080000 0 Colors/orange.bmp Objects/obj2.obj 3 9 -1 -1 -1 -1 -1 -1 -1 -1
0.750000 -0.250000 -0.470000 0.080000 0.050000 0.080000 0 Colors/orange.bmp Objects/obj2.obj 3 8 -1 -1 -1 -1 -1 -1 -1 -1
0.710000 -0.150000 -0.490000 0.030000 0.050000 0.050000 0 Colors/brown.bmp Objects/obj2.obj 12 -1 -1 -1 -1 -1 -1 -1 -1 -1
0.110000 -0.150000 -0.490000 0.030000 0.050000 0.050000 0 Colors/brown.bmp Objects/obj2.obj 12 -1 -1 -1 -1 -1 -1 -1 -1 -1
0.080000 -0.280000 -0.290000 0.090000 0.020000 0.040000 0 Colors/brown.bmp Objects/cube.obj 1 16 17 -1 -1 -1 -1 -1 -1 -1
0.150000 -0.280000 -0.160000 0.090000 0.020000 0.040000 0 Colors/brown.bmp Objects/cube.obj 1 18 19 -1 -1 -1 -1 -1 -1 -1
0.080000 -0.280000 -0.030000 0.090000 0.020000 0.040000 0 Colors/brown.bmp Objects/cube.obj 1 20 21 -1 -1 -1 -1 -1 -1 -1
0.730000 -0.280000 -0.290000 0.090000 0.020000 0.040000 0 Colors/brown.bmp Objects/cube.obj 1 22 23 -1 -1 -1 -1 -1 -1 -1
0.660000 -0.280000 -0.160000 0.090000 0.020000 0.040000 0 Colors/brown.bmp Objects/cube.obj 1 24 25 -1 -1 -1 -1 -1 -1 -1
0.720000 -0.280000 -0.030000 0.090000 0.020000 0.040000 0 Colors/brown.bmp Objects/cube.obj 1 26 27 -1 -1 -1 -1 -1 -1 -1
0.100000 -0.190000 -0.330000 0.030000 0.070000 0.030000 0 Colors/yellow.bmp Objects/tower2.obj 11 -1 -1 -1 -1 -1 -1 -1 -1 -1
0.100000 -0.190000 -0.260000 0.030000 0.070000 0.030000 0 Colors/yellow.bmp Objects/tower2.obj 11 -1 -1 -1 -1 -1 -1 -1 -1 -1
0.100000 -0.190000 -0.190000 0.030000 0.070000 0.030000 0 Colors/yellow.bmp Objects/tower2.obj 11 -1 -1 -1 -1 -1 -1 -1 -1 -1
0.100000 -0.190000 -0.120000 0.030000 0.070000 0.030000 0 Colors/yellow.bmp Objects/tower2.obj 11 -1 -1 -1 -1 -1 -1 -1 -1 -1
0.100000 -0.190000 -0.050000 0.030000 0.070000 0.030000 0 Colors/yellow.bmp Objects/tower2.obj 11 -1 -1 -1 -1 -1 -1 -1 -1 -1
0.100000 -0.190000 0.020000 0.030000 0.070000 0.030000 0 Colors/yellow.bmp Objects/tower2.obj 11 -1 -1 -1 -1 -1 -1 -1 -1 -1
0.700000 -0.190000 -0.320000 0.030000 0.070000 0.030000 0 Colors/yellow.bmp Objects/tower2.obj 11 -1 -1 -1 -1 -1 -1 -1 -1 -1
0.700000 -0.190000 -0.250000 0.030000 0.070000 0.030000 0 Colors/yellow.bmp Objects/tower2.obj 11 -1 -1 -1 -1 -1 -1 -1 -1 -1
0.700000 -0.190000 -0.180000 0.030000 0.070000 0.030000 0 Colors/yellow.bmp Objects/tower2.obj 11 -1 -1 -1 -1 -1 -1 -1 -1 -1
0.700000 -0.190000 -0.110000 0.030000 0.070000 0.030000 0 Colors/yellow.bmp Objects/tower2.obj 11 -1 -1 -1 -1 -1 -1 -1 -1 -1
0.700000 -0.190000 -0.040000 0.030000 0.070000 0.030000 0 Colors/yellow.bmp Objects/tower2.obj 11 -1 -1 -1 -1 -1 -1 -1 -1 -1
0.700000 -0.190000 0.030000 0.030000 0.070000 0.030000 0 Colors/yellow.bmp Objects/tower2.obj 11 -1 -1 -1 -1 -1 -1 -1 -1 -1
0.240000 0.050000 -0.570000 0.040000 0.150000 0.040000 0 Colors/yellow.bmp Objects/obj3.obj 21 -1 -1 -1 -1 -1 -1 -1 -1 -1
0.600000 0.050000 -0.570000 0.040000 0.150000 0.040000 180 Colors/yellow.bmp Objects/obj3.obj 21 -1 -1 -1 -1 -1 -1 -1 -1 -1
0.100000 -0.260000 0.140000 0.070000 0.040000 0.070000 0 Colors/orange.bmp Objects/cube.obj 2 32 34 -1 -1 -1 -1 -1 -1 -1
0.710000 -0.260000 0.140000 0.070000 0.040000 0.070000 0 Colors/orange.bmp Objects/cube.obj 2 33 35 -1 -1 -1 -1 -1 -1 -1
0.100000 -0.140000 0.140000 0.070000 0.080000 0.070000 0 Colors/brown.bmp Objects/cube.obj 12 34 -1 -1 -1 -1 -1 -1 -1 -1
0.710000 -0.140000 0.140000 0.070000 0.080000 0.070000 0 Colors/brown.bmp Objects/cube.obj 12 35 -1 -1 -1 -1 -1 -1 -1 -1
0.100000 0.020000 0.140000 0.070000 0.080000 0.070000 0 Colors/red.bmp Objects/tower.obj 22 -1 -1 -1 -1 -1 -1 -1 -1 -1
0.700000 0.020000 0.140000 0.070000 0.080000 0.070000 0 Colors/red.bmp Objects/tower.obj 22 -1 -1 -1 -1 -1 -1 -1 -1 -1
0.140000 -0.250000 0.270000 0.050000 0.050000 0.050000 0 Colors/dbrown.bmp Objects/cube.obj 2 44 39 42 38 -1 -1 -1 -1 -1
0.670000 -0.250000 0.270000 0.050000 0.050000 0.050000 0 Colors/dbrown.bmp Objects/cube.obj 2 45 41 43 40 -1 -1 -1 -1 -1
0.140000 -0.150000 0.270000 0.050000 0.050000 0.050000 0 Colors/green.bmp Objects/cube.obj 11 44 42 39 -1 -1 -1 -1 -1 -1
0.140000 -0.050000 0.280000 0.050000 0.050000 0.060000 0 Colors/dbrown.bmp Objects/cube.obj 21 44 42 -1 -1 -1 -1 -1 -1 -1
0.670000 -0.150000 0.270000 0.050000 0.050000 0.050000 0 Colors/green.bmp Objects/cube.obj 11 45 43 41 -1 -1 -1 -1 -1 -1
0.670000 -0.050000 0.280000 0.050000 0.050000 0.060000 0 Colors/dbrown.bmp Objects/cube.obj 21 45 43 -1 -1 -1 -1 -1 -1 -1
0.130000 0.080000 0.260000 0.050000 0.080000 0.030000 0 Colors/dbrown.bmp Objects/obj1.obj 31 -1 -1 -1 -1 -1 -1 -1 -1 -1
0.660000 0.080000 0.260000 0.050000 0.080000 0.030000 180 Colors/dbrown.bmp Objects/obj1.obj 31 -1 -1 -1 -1 -1 -1 -1 -1 -1
0.240000 0.020000 0.320000 0.150000 0.020000 0.020000 0 Colors/orange.bmp Objects/cube.obj 31 -1 -1 -1 -1 -1 -1 -1 -1 -1
0.560000 0.020000 0.320000 0.160000 0.020000 0.020000 0 Colors/orange.bmp Objects/cube.obj 31 -1 -1 -1 -1 -1 -1 -1 -1 -1
0.400000 -0.210000 0.260000 0.190000 0.090000 0.010000 0 Colors/lbrown.bmp Objects/cube.obj 1 47 48 49 50 -1 -1 -1 -1 -1
0.240000 0.090000 0.260000 0.040000 0.210000 0.010000 0 Colors/green.bmp Objects/castle1.obj 13 -1 -1 -1 -1 -1 -1 -1 -1 -1
0.330000 0.120000 0.260000 0.040000 0.240000 0.010000 0 Colors/green.bmp Objects/castle2.obj 13 -1 -1 -1 -1 -1 -1 -1 -1 -1
0.430000 0.120000 0.260000 0.040000 0.240000 0.010000 180 Colors/green.bmp Objects/castle2.obj 13 -1 -1 -1 -1 -1 -1 -1 -1 -1
0.520000 0.080000 0.260000 0.040000 0.200000 0.010000 180 Colors/green.bmp Objects/castle1.obj 13 -1 -1 -1 -1 -1 -1 -1 -1 -1