0.750000 Colors/gray.bmp
0.500000 -0.250000 -0.540000 0.110000 0.050000 0.110000 0 Colors/yellow.bmp Objects/cube.obj 3 1 2 3 4 5 6 7 8 9
0.500000 -0.060000 -0.540000 0.090000 0.140000 0.090000 0 Colors/lblue.bmp Objects/cube.obj 2 2 3 4 5 6 7 8 9 10
0.500000 0.110000 -0.530000 0.100000 0.030000 0.100000 0 Colors/yellow.bmp Objects/cube.obj 1 3 4 5 6 7 8 9 10 10
0.500000 0.190000 -0.460000 0.050000 0.050000 0.020000 0 Colors/yellow.bmp Objects/clock.obj 1 -1 -1 -1 -1 -1 -1 -1 -1 -1
0.500000 0.190000 -0.620000 0.050000 0.050000 0.020000 0 Colors/yellow.bmp Objects/clock.obj 1 -1 -1 -1 -1 -1 -1 -1 -1 -1
0.420000 0.190000 -0.540000 0.050000 0.050000 0.020000 90 Colors/yellow.bmp Objects/clock.obj 1 -1 -1 -1 -1 -1 -1 -1 -1 -1
0.570000 0.190000 -0.540000 0.050000 0.050000 0.020000 90 Colors/yellow.bmp Objects/clock.obj 1 -1 -1 -1 -1 -1 -1 -1 -1 -1
0.500000 0.200000 -0.550000 0.050000 0.060000 0.060000 180 Colors/lblue.bmp Objects/cube.obj 1 8 9 10 -1 -1 -1 -1 -1 -1
0.490000 0.280000 -0.520000 0.070000 0.020000 0.080000 180 Colors/yellow.bmp Objects/cube.obj 1 9 10 -1 -1 -1 -1 -1 -1 -1
0.490000 0.510000 -0.520000 0.070000 0.210000 0.090000 180 Colors/green.bmp Objects/piramid.obj 1 10 -1 -1 -1 -1 -1 -1 -1 -1
0.500000 0.840000 -0.560000 0.070000 0.120000 0.070000 180 Colors/lblue.bmp Objects/star1.obj 1 -1 -1 -1 -1 -1 -1 -1 -1 -1
0.160000 -0.270000 -0.520000 0.150000 0.030000 0.090000 0 Colors/yellow.bmp Objects/cube.obj 2 30 31 32 -1 -1 -1 -1 -1 -1
0.879999 -0.270000 -0.520000 0.150000 0.030000 0.090000 0 Colors/yellow.bmp Objects/cube.obj 2 33 34 35 -1 -1 -1 -1 -1 -1
0.160000 -0.270000 -0.330000 0.150000 0.030000 0.090000 0 Colors/lblue.bmp Objects/cube.obj 1 -1 -1 -1 -1 -1 -1 -1 -1 -1
0.879999 -0.270000 -0.330000 0.150000 0.030000 0.090000 0 Colors/lblue.bmp Objects/cube.obj 1 -1 -1 -1 -1 -1 -1 -1 -1 -1
0.500000 -0.270000 -0.160000 0.110000 0.030000 0.260000 0 Colors/lblue.bmp Objects/cube.obj 3 36 -1 -1 -1 -1 -1 -1 -1 -1
0.230000 -0.270000 0.010000 0.150000 0.030000 0.060000 0 Colors/yellow.bmp Objects/cube.obj 2 24 25 26 -1 -1 -1 -1 -1 -1
0.770000 -0.270000 0.010000 0.150000 0.030000 0.060000 0 Colors/yellow.bmp Objects/cube.obj 2 27 28 29 -1 -1 -1 -1 -1 -1
0.300000 -0.270000 -0.140000 0.080000 0.030000 0.080000 0 Colors/lblue.bmp Objects/cube.obj 2 22 -1 -1 -1 -1 -1 -1 -1 -1
0.130000 -0.270000 -0.140000 0.080000 0.030000 0.080000 0 Colors/lblue.bmp Objects/cube.obj 2 -1 -1 -1 -1 -1 -1 -1 -1 -1
0.700000 -0.270000 -0.140000 0.080000 0.030000 0.080000 0 Colors/lblue.bmp Objects/cube.obj 2 23 -1 -1 -1 -1 -1 -1 -1 -1
0.869999 -0.270000 -0.140000 0.080000 0.030000 0.080000 0 Colors/lblue.bmp Objects/cube.obj 2 -1 -1 -1 -1 -1 -1 -1 -1 -1
0.300000 -0.210000 -0.140000 0.060000 0.030000 0.060000 0 Colors/dgreen.bmp Objects/cube.obj 1 -1 -1 -1 -1 -1 -1 -1 -1 -1
0.700000 -0.210000 -0.140000 0.060000 0.030000 0.060000 0 Colors/dgreen.bmp Objects/cube.obj 1 -1 -1 -1 -1 -1 -1 -1 -1 -1
0.120000 -0.150000 0.020000 0.040000 0.090000 0.050000 0 Colors/lblue.bmp Objects/fence.obj 1 -1 -1 -1 -1 -1 -1 -1 -1 -1
0.340000 -0.150000 0.020000 0.040000 0.090000 0.050000 0 Colors/lblue.bmp Objects/fence.obj 1 -1 -1 -1 -1 -1 -1 -1 -1 -1
0.230000 -0.150000 0.020000 0.040000 0.090000 0.050000 0 Colors/lblue.bmp Objects/fence.obj 1 -1 -1 -1 -1 -1 -1 -1 -1 -1
0.660000 -0.150000 0.020000 0.040000 0.090000 0.050000 0 Colors/lblue.bmp Objects/fence.obj 1 -1 -1 -1 -1 -1 -1 -1 -1 -1
0.879999 -0.150000 0.020000 0.040000 0.090000 0.050000 0 Colors/lblue.bmp Objects/fence.obj 1 -1 -1 -1 -1 -1 -1 -1 -1 -1
0.770000 -0.150000 0.020000 0.040000 0.090000 0.050000 0 Colors/lblue.bmp Objects/fence.obj 1 -1 -1 -1 -1 -1 -1 -1 -1 -1
0.050000 -0.150000 -0.510000 0.040000 0.090000 0.050000 0 Colors/lblue.bmp Objects/fence.obj 1 -1 -1 -1 -1 -1 -1 -1 -1 -1
0.270000 -0.150000 -0.510000 0.040000 0.090000 0.050000 0 Colors/lblue.bmp Objects/fence.obj 1 -1 -1 -1 -1 -1 -1 -1 -1 -1
0.160000 -0.150000 -0.510000 0.040000 0.090000 0.050000 0 Colors/lblue.bmp Objects/fence.obj 1 -1 -1 -1 -1 -1 -1 -1 -1 -1
0.770000 -0.150000 -0.510000 0.040000 0.090000 0.050000 0 Colors/lblue.bmp Objects/fence.obj 1 -1 -1 -1 -1 -1 -1 -1 -1 -1
0.989999 -0.150000 -0.510000 0.040000 0.090000 0.050000 0 Colors/lblue.bmp Objects/fence.obj 1 -1 -1 -1 -1 -1 -1 -1 -1 -1
0.879999 -0.150000 -0.510000 0.040000 0.090000 0.050000 0 Colors/lblue.bmp Objects/fence.obj 1 -1 -1 -1 -1 -1 -1 -1 -1 -1
0.500000 -0.160000 0.020000 0.040000 0.080000 0.010000 0 Colors/gray.bmp Objects/key.obj -1 -1 -1 -1 -1 -1 -1 -1 -1 -1