0.900000 Colors/gray.bmp
-0.100000 -0.240000 -0.760000 0.100000 0.060000 0.100000 0 Colors/llbrown.bmp Objects/cube.obj 2 -1 -1 -1 -1 -1 -1 -1 -1 -1
-0.100000 -0.240000 -0.550000 0.100000 0.060000 0.100000 0 Colors/dbrown.bmp Objects/cube.obj 2 -1 -1 -1 -1 -1 -1 -1 -1 -1
0.110000 -0.240000 -0.760000 0.100000 0.060000 0.100000 0 Colors/dbrown.bmp Objects/cube.obj 2 8 -1 -1 -1 -1 -1 -1 -1 -1
0.110000 -0.240000 -0.550000 0.100000 0.060000 0.100000 0 Colors/llbrown.bmp Objects/cube.obj 2 -1 -1 -1 -1 -1 -1 -1 -1 -1
1.149999 -0.240000 -0.550000 0.100000 0.060000 0.100000 0 Colors/dbrown.bmp Objects/cube.obj 2 -1 -1 -1 -1 -1 -1 -1 -1 -1
0.939999 -0.240000 -0.550000 0.100000 0.060000 0.100000 0 Colors/llbrown.bmp Objects/cube.obj 2 -1 -1 -1 -1 -1 -1 -1 -1 -1
1.149999 -0.240000 -0.760000 0.100000 0.060000 0.100000 0 Colors/llbrown.bmp Objects/cube.obj 2 -1 -1 -1 -1 -1 -1 -1 -1 -1
0.939999 -0.240000 -0.760000 0.100000 0.060000 0.100000 0 Colors/dbrown.bmp Objects/cube.obj 2 9 -1 -1 -1 -1 -1 -1 -1 -1
0.110000 -0.050000 -0.760000 0.060000 0.130000 0.070000 0 Colors/llbrown.bmp Objects/chess2.obj 9 -1 -1 -1 -1 -1 -1 -1 -1 -1
0.929999 -0.050000 -0.760000 0.060000 0.130000 0.070000 0 Colors/dbrown.bmp Objects/chess2.obj 9 -1 -1 -1 -1 -1 -1 -1 -1 -1
0.510000 -0.230000 -0.630000 0.160000 0.070000 0.170000 0 Colors/llbrown.bmp Objects/cube.obj 2 11 12 -1 -1 -1 -1 -1 -1 -1
0.510000 -0.090000 -0.630000 0.120000 0.070000 0.130000 0 Colors/dbrown.bmp Objects/cube.obj 12 12 -1 -1 -1 -1 -1 -1 -1 -1
0.510000 0.200000 -0.610000 0.080000 0.220000 0.110000 0 Colors/dbrown.bmp Objects/chess3.obj 21 -1 -1 -1 -1 -1 -1 -1 -1 -1
0.480000 -0.240000 -0.040000 0.380000 0.060000 0.100000 0 Colors/dbrown.bmp Objects/cube.obj 4 14 15 16 -1 -1 -1 -1 -1 -1
0.190000 -0.040000 -0.040000 0.090000 0.140000 0.100000 0 Colors/llbrown.bmp Objects/obj1.obj 12 -1 -1 -1 -1 -1 -1 -1 -1 -1
0.760000 -0.040000 -0.040000 0.090000 0.140000 0.100000 180 Colors/llbrown.bmp Objects/obj1.obj 12 -1 -1 -1 -1 -1 -1 -1 -1 -1
0.470000 -0.030000 0.000000 0.070000 0.150000 0.070000 180 Colors/llbrown.bmp Objects/chess1.obj 12 -1 -1 -1 -1 -1 -1 -1 -1 -1
-0.220000 -0.240000 -0.070000 0.100000 0.060000 0.110000 180 Colors/llbrown.bmp Objects/cube.obj 2 20 21 -1 -1 -1 -1 -1 -1 -1
1.189999 -0.240000 -0.070000 0.100000 0.060000 0.110000 180 Colors/llbrown.bmp Objects/cube.obj 2 19 22 -1 -1 -1 -1 -1 -1 -1
1.189999 -0.050000 -0.070000 0.100000 0.130000 0.110000 180 Colors/dbrown.bmp Objects/cube.obj 12 22 -1 -1 -1 -1 -1 -1 -1 -1
-0.220000 -0.050000 -0.070000 0.100000 0.130000 0.110000 180 Colors/dbrown.bmp Objects/cube.obj 12 21 -1 -1 -1 -1 -1 -1 -1 -1
-0.210000 0.210000 -0.020000 0.160000 0.130000 0.170000 180 Colors/llbrown.bmp Objects/tower.obj 21 -1 -1 -1 -1 -1 -1 -1 -1 -1
1.189999 0.210000 -0.040000 0.160000 0.130000 0.170000 180 Colors/llbrown.bmp Objects/tower.obj 21 -1 -1 -1 -1 -1 -1 -1 -1 -1
-0.220000 -0.240000 0.270000 0.100000 0.060000 0.100000 0 Colors/dbrown.bmp Objects/castle2.obj 2 27 -1 -1 -1 -1 -1 -1 -1 -1
-0.020000 -0.240000 0.270000 0.100000 0.060000 0.100000 0 Colors/llbrown.bmp Objects/castle2.obj 2 30 -1 -1 -1 -1 -1 -1 -1 -1
1.159999 -0.240000 0.270000 0.100000 0.060000 0.100000 0 Colors/llbrown.bmp Objects/castle2.obj 2 28 -1 -1 -1 -1 -1 -1 -1 -1
0.949999 -0.240000 0.270000 0.100000 0.060000 0.100000 0 Colors/dbrown.bmp Objects/castle2.obj 2 29 -1 -1 -1 -1 -1 -1 -1 -1
-0.230000 -0.010000 0.270000 0.050000 0.170000 0.050000 0 Colors/dbrown.bmp Objects/obj3.obj 12 -1 -1 -1 -1 -1 -1 -1 -1 -1
1.159999 -0.010000 0.270000 0.050000 0.170000 0.050000 180 Colors/dbrown.bmp Objects/obj3.obj 12 -1 -1 -1 -1 -1 -1 -1 -1 -1
0.919999 -0.060000 0.290000 0.050000 0.120000 0.040000 0 Colors/llbrown.bmp Objects/chess6.obj 9 -1 -1 -1 -1 -1 -1 -1 -1 -1
-0.010000 -0.060000 0.270000 0.050000 0.120000 0.040000 180 Colors/llbrown.bmp Objects/chess6.obj 9 -1 -1 -1 -1 -1 -1 -1 -1 -1