0.900000 Colors/gray.bmp
0.040000 -0.260000 0.050000 0.080000 0.040000 0.080000 0 Colors/dbrown.bmp Objects/cube.obj 1 -1 -1 -1 -1 -1 -1 -1 -1 -1
0.040000 -0.260000 -0.120000 0.080000 0.040000 0.080000 0 Colors/llbrown.bmp Objects/cube.obj 1 -1 -1 -1 -1 -1 -1 -1 -1 -1
0.040000 -0.260000 -0.280000 0.080000 0.040000 0.080000 0 Colors/dbrown.bmp Objects/cube.obj 1 -1 -1 -1 -1 -1 -1 -1 -1 -1
0.040000 -0.260000 -0.450000 0.080000 0.040000 0.080000 0 Colors/llbrown.bmp Objects/cube.obj 1 -1 -1 -1 -1 -1 -1 -1 -1 -1
0.040000 -0.260000 -0.620000 0.080000 0.040000 0.080000 0 Colors/dbrown.bmp Objects/cube.obj 1 -1 -1 -1 -1 -1 -1 -1 -1 -1
0.200000 -0.260000 0.210000 0.080000 0.040000 0.080000 0 Colors/dbrown.bmp Objects/cube.obj 1 -1 -1 -1 -1 -1 -1 -1 -1 -1
0.370000 -0.260000 0.210000 0.080000 0.040000 0.080000 0 Colors/llbrown.bmp Objects/cube.obj 1 -1 -1 -1 -1 -1 -1 -1 -1 -1
0.540000 -0.260000 0.210000 0.080000 0.040000 0.080000 0 Colors/dbrown.bmp Objects/cube.obj 1 -1 -1 -1 -1 -1 -1 -1 -1 -1
0.710000 -0.260000 0.210000 0.080000 0.040000 0.080000 0 Colors/llbrown.bmp Objects/cube.obj 1 -1 -1 -1 -1 -1 -1 -1 -1 -1
0.200000 -0.260000 -0.790000 0.080000 0.040000 0.080000 0 Colors/dbrown.bmp Objects/cube.obj 1 -1 -1 -1 -1 -1 -1 -1 -1 -1
0.200000 -0.260000 -0.450000 0.080000 0.040000 0.080000 0 Colors/dbrown.bmp Objects/cube.obj 1 56 -1 -1 -1 -1 -1 -1 -1 -1
0.200000 -0.260000 -0.120000 0.080000 0.040000 0.080000 0 Colors/dbrown.bmp Objects/cube.obj 1 -1 -1 -1 -1 -1 -1 -1 -1 -1
0.370000 -0.260000 0.050000 0.080000 0.040000 0.080000 0 Colors/dbrown.bmp Objects/cube.obj 1 -1 -1 -1 -1 -1 -1 -1 -1 -1
0.710000 -0.260000 0.050000 0.080000 0.040000 0.080000 0 Colors/dbrown.bmp Objects/cube.obj 1 -1 -1 -1 -1 -1 -1 -1 -1 -1
0.880000 -0.260000 0.050000 0.080000 0.040000 0.080000 0 Colors/llbrown.bmp Objects/cube.obj 1 -1 -1 -1 -1 -1 -1 -1 -1 -1
0.540000 -0.260000 0.050000 0.080000 0.040000 0.080000 0 Colors/llbrown.bmp Objects/cube.obj 1 -1 -1 -1 -1 -1 -1 -1 -1 -1
0.200000 -0.260000 0.050000 0.080000 0.040000 0.080000 0 Colors/llbrown.bmp Objects/cube.obj 1 -1 -1 -1 -1 -1 -1 -1 -1 -1
0.200000 -0.260000 -0.280000 0.080000 0.040000 0.080000 0 Colors/llbrown.bmp Objects/cube.obj 1 -1 -1 -1 -1 -1 -1 -1 -1 -1
0.200000 -0.260000 -0.620000 0.080000 0.040000 0.080000 0 Colors/llbrown.bmp Objects/cube.obj 1 -1 -1 -1 -1 -1 -1 -1 -1 -1
0.370000 -0.260000 -0.120000 0.080000 0.040000 0.080000 0 Colors/llbrown.bmp Objects/cube.obj 1 55 -1 -1 -1 -1 -1 -1 -1 -1
0.710000 -0.260000 -0.120000 0.080000 0.040000 0.080000 0 Colors/llbrown.bmp Objects/cube.obj 1 57 -1 -1 -1 -1 -1 -1 -1 -1
0.370000 -0.260000 -0.280000 0.080000 0.040000 0.080000 0 Colors/dbrown.bmp Objects/cube.obj 1 -1 -1 -1 -1 -1 -1 -1 -1 -1
0.540000 -0.260000 -0.120000 0.080000 0.040000 0.080000 0 Colors/dbrown.bmp Objects/cube.obj 1 -1 -1 -1 -1 -1 -1 -1 -1 -1
0.880000 -0.260000 -0.120000 0.080000 0.040000 0.080000 0 Colors/dbrown.bmp Objects/cube.obj 1 -1 -1 -1 -1 -1 -1 -1 -1 -1
0.370000 -0.260000 -0.450000 0.080000 0.040000 0.080000 0 Colors/llbrown.bmp Objects/cube.obj 1 -1 -1 -1 -1 -1 -1 -1 -1 -1
0.540000 -0.260000 -0.280000 0.080000 0.040000 0.080000 0 Colors/llbrown.bmp Objects/cube.obj 1 -1 -1 -1 -1 -1 -1 -1 -1 -1
0.879999 -0.260000 -0.280000 0.080000 0.040000 0.080000 0 Colors/llbrown.bmp Objects/cube.obj 1 -1 -1 -1 -1 -1 -1 -1 -1 -1
0.370000 -0.260000 -0.790000 0.080000 0.040000 0.080000 0 Colors/llbrown.bmp Objects/cube.obj 1 -1 -1 -1 -1 -1 -1 -1 -1 -1
0.370000 -0.260000 -0.620000 0.080000 0.040000 0.080000 0 Colors/dbrown.bmp Objects/cube.obj 1 -1 -1 -1 -1 -1 -1 -1 -1 -1
0.540000 -0.260000 -0.450000 0.080000 0.040000 0.080000 0 Colors/dbrown.bmp Objects/cube.obj 1 -1 -1 -1 -1 -1 -1 -1 -1 -1
0.540000 -0.260000 -0.790000 0.080000 0.040000 0.080000 0 Colors/dbrown.bmp Objects/cube.obj 1 -1 -1 -1 -1 -1 -1 -1 -1 -1
0.710000 -0.260000 -0.280000 0.080000 0.040000 0.080000 0 Colors/dbrown.bmp Objects/cube.obj 1 -1 -1 -1 -1 -1 -1 -1 -1 -1
0.880000 -0.260000 -0.450000 0.080000 0.040000 0.080000 0 Colors/dbrown.bmp Objects/cube.obj 1 -1 -1 -1 -1 -1 -1 -1 -1 -1
0.710000 -0.260000 -0.450000 0.080000 0.040000 0.080000 0 Colors/llbrown.bmp Objects/cube.obj 1 -1 -1 -1 -1 -1 -1 -1 -1 -1
0.540000 -0.260000 -0.620000 0.080000 0.040000 0.080000 0 Colors/llbrown.bmp Objects/cube.obj 1 -1 -1 -1 -1 -1 -1 -1 -1 -1
0.880000 -0.260000 -0.620000 0.080000 0.040000 0.080000 0 Colors/llbrown.bmp Objects/cube.obj 1 -1 -1 -1 -1 -1 -1 -1 -1 -1
0.710000 -0.260000 -0.790000 0.080000 0.040000 0.080000 0 Colors/llbrown.bmp Objects/cube.obj 1 -1 -1 -1 -1 -1 -1 -1 -1 -1
0.710000 -0.260000 -0.620000 0.080000 0.040000 0.080000 0 Colors/dbrown.bmp Objects/cube.obj 1 54 -1 -1 -1 -1 -1 -1 -1 -1
0.030000 -0.260000 0.210000 0.090000 0.040000 0.080000 0 Colors/llbrown.bmp Objects/c_vertice.obj 3 -1 -1 -1 -1 -1 -1 -1 -1 -1
0.040000 -0.260000 -0.800000 0.090000 0.040000 0.080000 270 Colors/llbrown.bmp Objects/c_vertice.obj 3 -1 -1 -1 -1 -1 -1 -1 -1 -1
0.879999 -0.260000 -0.800000 0.090000 0.040000 0.080000 180 Colors/dbrown.bmp Objects/c_vertice.obj 3 -1 -1 -1 -1 -1 -1 -1 -1 -1
0.879999 -0.260000 0.220000 0.090000 0.040000 0.080000 90 Colors/dbrown.bmp Objects/c_vertice.obj 3 -1 -1 -1 -1 -1 -1 -1 -1 -1
-0.130000 -0.260000 0.050000 0.080000 0.040000 0.080000 0 Colors/llbrown.bmp Objects/cube.obj 2 -1 -1 -1 -1 -1 -1 -1 -1 -1
-0.130000 -0.260000 -0.620000 0.080000 0.040000 0.080000 0 Colors/llbrown.bmp Objects/cube.obj 2 -1 -1 -1 -1 -1 -1 -1 -1 -1
-0.130000 -0.260000 -0.290000 0.080000 0.040000 0.240000 0 Colors/dbrown.bmp Objects/cube.obj 3 51 52 53 -1 -1 -1 -1 -1 -1
1.049999 -0.260000 -0.290000 0.080000 0.040000 0.240000 0 Colors/llbrown.bmp Objects/cube.obj 3 48 49 50 -1 -1 -1 -1 -1 -1
1.049999 -0.260000 0.050000 0.080000 0.040000 0.080000 0 Colors/dbrown.bmp Objects/cube.obj 2 -1 -1 -1 -1 -1 -1 -1 -1 -1
1.049999 -0.260000 -0.620000 0.080000 0.040000 0.080000 0 Colors/dbrown.bmp Objects/cube.obj 2 -1 -1 -1 -1 -1 -1 -1 -1 -1
1.049999 -0.180000 -0.280000 0.080000 0.040000 0.170000 0 Colors/dbrown.bmp Objects/cube.obj 11 49 50 -1 -1 -1 -1 -1 -1 -1
1.049999 -0.100000 -0.290000 0.080000 0.040000 0.090000 0 Colors/llbrown.bmp Objects/cube.obj 21 50 -1 -1 -1 -1 -1 -1 -1 -1
1.049999 0.110000 -0.280000 0.060000 0.170000 0.060000 0 Colors/dbrown.bmp Objects/chess5.obj 31 -1 -1 -1 -1 -1 -1 -1 -1 -1
-0.130000 -0.180000 -0.280000 0.080000 0.040000 0.150000 0 Colors/llbrown.bmp Objects/cube.obj 11 52 53 -1 -1 -1 -1 -1 -1 -1
-0.130000 -0.100000 -0.300000 0.080000 0.040000 0.090000 0 Colors/dbrown.bmp Objects/cube.obj 21 53 -1 -1 -1 -1 -1 -1 -1 -1
-0.140000 0.060000 -0.290000 0.060000 0.120000 0.060000 0 Colors/llbrown.bmp Objects/chess2.obj 31 -1 -1 -1 -1 -1 -1 -1 -1 -1
0.710000 -0.100000 -0.620000 0.060000 0.120000 0.060000 0 Colors/dbrown.bmp Objects/chess2.obj 9 -1 -1 -1 -1 -1 -1 -1 -1 -1
0.360000 -0.100000 -0.110000 0.060000 0.120000 0.060000 0 Colors/llbrown.bmp Objects/chess1.obj 9 -1 -1 -1 -1 -1 -1 -1 -1 -1
0.190000 -0.100000 -0.440000 0.060000 0.120000 0.060000 0 Colors/llbrown.bmp Objects/chess1.obj 9 -1 -1 -1 -1 -1 -1 -1 -1 -1
0.710000 -0.010000 -0.120000 0.060000 0.210000 0.060000 0 Colors/llbrown.bmp Objects/chess4.obj 9 -1 -1 -1 -1 -1 -1 -1 -1 -1