0.900000 Colors/gray.bmp
0.040000 -0.260000 0.050000 0.080000 0.040000 0.080000 0 Colors/dbrown.bmp Objects/cube.obj 1 -1 -1 -1 -1 -1 -1 -1 -1 -1
0.040000 -0.260000 -0.120000 0.080000 0.040000 0.080000 0 Colors/llbrown.bmp Objects/cube.obj 1 -1 -1 -1 -1 -1 -1 -1 -1 -1
0.040000 -0.260000 -0.280000 0.080000 0.040000 0.080000 0 Colors/dbrown.bmp Objects/cube.obj 1 -1 -1 -1 -1 -1 -1 -1 -1 -1
0.040000 -0.260000 -0.450000 0.080000 0.040000 0.080000 0 Colors/llbrown.bmp Objects/cube.obj 1 -1 -1 -1 -1 -1 -1 -1 -1 -1
0.040000 -0.260000 -0.620000 0.080000 0.040000 0.080000 0 Colors/dbrown.bmp Objects/cube.obj 1 -1 -1 -1 -1 -1 -1 -1 -1 -1
0.200000 -0.260000 0.210000 0.080000 0.040000 0.080000 0 Colors/dbrown.bmp Objects/cube.obj 1 -1 -1 -1 -1 -1 -1 -1 -1 -1
0.370000 -0.260000 0.210000 0.080000 0.040000 0.080000 0 Colors/llbrown.bmp Objects/cube.obj 1 -1 -1 -1 -1 -1 -1 -1 -1 -1
0.540000 -0.260000 0.210000 0.080000 0.040000 0.080000 0 Colors/dbrown.bmp Objects/cube.obj 1 -1 -1 -1 -1 -1 -1 -1 -1 -1
0.710000 -0.260000 0.210000 0.080000 0.040000 0.080000 0 Colors/llbrown.bmp Objects/cube.obj 1 -1 -1 -1 -1 -1 -1 -1 -1 -1
0.200000 -0.260000 -0.790000 0.080000 0.040000 0.080000 0 Colors/dbrown.bmp Objects/cube.obj 1 -1 -1 -1 -1 -1 -1 -1 -1 -1
0.200000 -0.260000 -0.450000 0.080000 0.040000 0.080000 0 Colors/dbrown.bmp Objects/cube.obj 1 -1 -1 -1 -1 -1 -1 -1 -1 -1
0.200000 -0.260000 -0.120000 0.080000 0.040000 0.080000 0 Colors/dbrown.bmp Objects/cube.obj 1 -1 -1 -1 -1 -1 -1 -1 -1 -1
0.370000 -0.260000 0.050000 0.080000 0.040000 0.080000 0 Colors/dbrown.bmp Objects/cube.obj 1 -1 -1 -1 -1 -1 -1 -1 -1 -1
0.710000 -0.260000 0.050000 0.080000 0.040000 0.080000 0 Colors/dbrown.bmp Objects/cube.obj 1 -1 -1 -1 -1 -1 -1 -1 -1 -1
0.880000 -0.260000 0.050000 0.080000 0.040000 0.080000 0 Colors/llbrown.bmp Objects/cube.obj 1 -1 -1 -1 -1 -1 -1 -1 -1 -1
0.540000 -0.260000 0.050000 0.080000 0.040000 0.080000 0 Colors/llbrown.bmp Objects/cube.obj 1 65 -1 -1 -1 -1 -1 -1 -1 -1
0.200000 -0.260000 0.050000 0.080000 0.040000 0.080000 0 Colors/llbrown.bmp Objects/cube.obj 1 -1 -1 -1 -1 -1 -1 -1 -1 -1
0.200000 -0.260000 -0.280000 0.080000 0.040000 0.080000 0 Colors/llbrown.bmp Objects/cube.obj 1 -1 -1 -1 -1 -1 -1 -1 -1 -1
0.200000 -0.260000 -0.620000 0.080000 0.040000 0.080000 0 Colors/llbrown.bmp Objects/cube.obj 1 -1 -1 -1 -1 -1 -1 -1 -1 -1
0.370000 -0.260000 -0.120000 0.080000 0.040000 0.080000 0 Colors/llbrown.bmp Objects/cube.obj 1 -1 -1 -1 -1 -1 -1 -1 -1 -1
0.710000 -0.260000 -0.120000 0.080000 0.040000 0.080000 0 Colors/llbrown.bmp Objects/cube.obj 1 -1 -1 -1 -1 -1 -1 -1 -1 -1
0.370000 -0.260000 -0.280000 0.080000 0.040000 0.080000 0 Colors/dbrown.bmp Objects/cube.obj 1 -1 -1 -1 -1 -1 -1 -1 -1 -1
0.540000 -0.260000 -0.120000 0.080000 0.040000 0.080000 0 Colors/dbrown.bmp Objects/cube.obj 1 -1 -1 -1 -1 -1 -1 -1 -1 -1
0.880000 -0.260000 -0.120000 0.080000 0.040000 0.080000 0 Colors/dbrown.bmp Objects/cube.obj 1 -1 -1 -1 -1 -1 -1 -1 -1 -1
0.370000 -0.260000 -0.450000 0.080000 0.040000 0.080000 0 Colors/llbrown.bmp Objects/cube.obj 1 64 -1 -1 -1 -1 -1 -1 -1 -1
0.540000 -0.260000 -0.280000 0.080000 0.040000 0.080000 0 Colors/llbrown.bmp Objects/cube.obj 1 -1 -1 -1 -1 -1 -1 -1 -1 -1
0.879999 -0.260000 -0.280000 0.080000 0.040000 0.080000 0 Colors/llbrown.bmp Objects/cube.obj 1 -1 -1 -1 -1 -1 -1 -1 -1 -1
0.370000 -0.260000 -0.790000 0.080000 0.040000 0.080000 0 Colors/llbrown.bmp Objects/cube.obj 1 -1 -1 -1 -1 -1 -1 -1 -1 -1
0.370000 -0.260000 -0.620000 0.080000 0.040000 0.080000 0 Colors/dbrown.bmp Objects/cube.obj 1 -1 -1 -1 -1 -1 -1 -1 -1 -1
0.540000 -0.260000 -0.450000 0.080000 0.040000 0.080000 0 Colors/dbrown.bmp Objects/cube.obj 1 -1 -1 -1 -1 -1 -1 -1 -1 -1
0.540000 -0.260000 -0.790000 0.080000 0.040000 0.080000 0 Colors/dbrown.bmp Objects/cube.obj 1 -1 -1 -1 -1 -1 -1 -1 -1 -1
0.710000 -0.260000 -0.280000 0.080000 0.040000 0.080000 0 Colors/dbrown.bmp Objects/cube.obj 1 -1 -1 -1 -1 -1 -1 -1 -1 -1
0.880000 -0.260000 -0.450000 0.080000 0.040000 0.080000 0 Colors/dbrown.bmp Objects/cube.obj 1 -1 -1 -1 -1 -1 -1 -1 -1 -1
0.710000 -0.260000 -0.450000 0.080000 0.040000 0.080000 0 Colors/llbrown.bmp Objects/cube.obj 1 66 -1 -1 -1 -1 -1 -1 -1 -1
0.540000 -0.260000 -0.620000 0.080000 0.040000 0.080000 0 Colors/llbrown.bmp Objects/cube.obj 1 -1 -1 -1 -1 -1 -1 -1 -1 -1
0.880000 -0.260000 -0.620000 0.080000 0.040000 0.080000 0 Colors/llbrown.bmp Objects/cube.obj 1 -1 -1 -1 -1 -1 -1 -1 -1 -1
0.710000 -0.260000 -0.790000 0.080000 0.040000 0.080000 0 Colors/llbrown.bmp Objects/cube.obj 1 -1 -1 -1 -1 -1 -1 -1 -1 -1
0.710000 -0.260000 -0.620000 0.080000 0.040000 0.080000 0 Colors/dbrown.bmp Objects/cube.obj 1 -1 -1 -1 -1 -1 -1 -1 -1 -1
0.040000 -0.260000 0.210000 0.080000 0.040000 0.080000 0 Colors/llbrown.bmp Objects/cube.obj 3 39 40 41 42 -1 -1 -1 -1 -1
0.040000 -0.180000 0.210000 0.080000 0.040000 0.080000 0 Colors/dbrown.bmp Objects/cube.obj 11 40 41 42 -1 -1 -1 -1 -1 -1
0.040000 -0.100000 0.210000 0.080000 0.040000 0.080000 0 Colors/llbrown.bmp Objects/cube.obj 21 41 42 -1 -1 -1 -1 -1 -1 -1
0.040000 -0.020000 0.210000 0.080000 0.040000 0.080000 0 Colors/dbrown.bmp Objects/cube.obj 31 42 -1 -1 -1 -1 -1 -1 -1 -1
0.030000 0.110000 0.210000 0.080000 0.090000 0.080000 0 Colors/llbrown.bmp Objects/tower.obj 41 -1 -1 -1 -1 -1 -1 -1 -1 -1
0.879999 -0.260000 0.210000 0.080000 0.040000 0.080000 0 Colors/dbrown.bmp Objects/cube.obj 3 44 45 46 47 -1 -1 -1 -1 -1
0.879999 -0.180000 0.210000 0.080000 0.040000 0.080000 0 Colors/llbrown.bmp Objects/cube.obj 11 45 46 47 -1 -1 -1 -1 -1 -1
0.879999 -0.100000 0.210000 0.080000 0.040000 0.080000 0 Colors/dbrown.bmp Objects/cube.obj 21 46 47 -1 -1 -1 -1 -1 -1 -1
0.879999 -0.020000 0.210000 0.080000 0.040000 0.080000 0 Colors/llbrown.bmp Objects/cube.obj 31 47 -1 -1 -1 -1 -1 -1 -1 -1
0.859999 0.110000 0.220000 0.080000 0.090000 0.080000 0 Colors/dbrown.bmp Objects/tower.obj 41 -1 -1 -1 -1 -1 -1 -1 -1 -1
0.040000 -0.260000 -0.790000 0.080000 0.040000 0.080000 0 Colors/llbrown.bmp Objects/cube.obj 3 49 50 51 52 -1 -1 -1 -1 -1
0.040000 -0.180000 -0.790000 0.080000 0.040000 0.080000 0 Colors/dbrown.bmp Objects/cube.obj 11 50 51 52 -1 -1 -1 -1 -1 -1
0.040000 -0.100000 -0.790000 0.080000 0.040000 0.080000 0 Colors/llbrown.bmp Objects/cube.obj 21 51 52 -1 -1 -1 -1 -1 -1 -1
0.040000 -0.020000 -0.790000 0.080000 0.040000 0.080000 0 Colors/dbrown.bmp Objects/cube.obj 31 52 -1 -1 -1 -1 -1 -1 -1 -1
0.030000 0.100000 -0.790000 0.080000 0.080000 0.080000 0 Colors/llbrown.bmp Objects/tower.obj 41 -1 -1 -1 -1 -1 -1 -1 -1 -1
0.880000 -0.260000 -0.790000 0.080000 0.040000 0.080000 0 Colors/dbrown.bmp Objects/cube.obj 3 54 55 56 57 -1 -1 -1 -1 -1
0.880000 -0.180000 -0.790000 0.080000 0.040000 0.080000 0 Colors/llbrown.bmp Objects/cube.obj 11 55 56 57 -1 -1 -1 -1 -1 -1
0.880000 -0.100000 -0.790000 0.080000 0.040000 0.080000 0 Colors/dbrown.bmp Objects/cube.obj 21 56 57 -1 -1 -1 -1 -1 -1 -1
0.880000 -0.020000 -0.790000 0.080000 0.040000 0.080000 0 Colors/llbrown.bmp Objects/cube.obj 31 57 -1 -1 -1 -1 -1 -1 -1 -1
0.880000 0.100000 -0.800000 0.080000 0.080000 0.080000 0 Colors/dbrown.bmp Objects/tower.obj 41 -1 -1 -1 -1 -1 -1 -1 -1 -1
-0.230000 -0.250000 -0.500000 0.110000 0.050000 0.110000 0 Colors/dbrown.bmp Objects/cube.obj 2 59 60 -1 -1 -1 -1 -1 -1 -1
-0.230000 -0.150000 -0.500000 0.080000 0.050000 0.080000 0 Colors/llbrown.bmp Objects/cube.obj 12 60 -1 -1 -1 -1 -1 -1 -1 -1
-0.230000 0.000000 -0.500000 0.050000 0.100000 0.050000 180 Colors/llbrown.bmp Objects/chess6.obj 19 -1 -1 -1 -1 -1 -1 -1 -1 -1
1.169999 -0.250000 -0.490000 0.110000 0.050000 0.110000 180 Colors/llbrown.bmp Objects/cube.obj 3 62 63 -1 -1 -1 -1 -1 -1 -1
1.169999 -0.150000 -0.490000 0.080000 0.050000 0.080000 180 Colors/dbrown.bmp Objects/cube.obj 12 63 -1 -1 -1 -1 -1 -1 -1 -1
1.169999 0.010000 -0.490000 0.060000 0.110000 0.050000 0 Colors/dbrown.bmp Objects/chess6.obj 19 -1 -1 -1 -1 -1 -1 -1 -1 -1
0.360000 -0.120000 -0.440000 0.060000 0.100000 0.050000 0 Colors/llbrown.bmp Objects/chess1.obj 9 -1 -1 -1 -1 -1 -1 -1 -1 -1
0.540000 -0.110000 0.050000 0.060000 0.110000 0.050000 0 Colors/dbrown.bmp Objects/chess2.obj 11 -1 -1 -1 -1 -1 -1 -1 -1 -1
0.700000 -0.060000 -0.430000 0.060000 0.160000 0.050000 0 Colors/dbrown.bmp Objects/chess3.obj 9 -1 -1 -1 -1 -1 -1 -1 -1 -1