0.900000 Colors/gray.bmp
-0.070000 -0.250000 0.250000 0.080000 0.050000 0.080000 0 Colors/dbrown.bmp Objects/cube.obj 3 43 -1 -1 -1 -1 -1 -1 -1 -1
0.100000 -0.250000 0.250000 0.080000 0.050000 0.080000 0 Colors/llbrown.bmp Objects/cube.obj 1 -1 -1 -1 -1 -1 -1 -1 -1 -1
0.260000 -0.250000 0.250000 0.080000 0.050000 0.080000 0 Colors/dbrown.bmp Objects/cube.obj 1 -1 -1 -1 -1 -1 -1 -1 -1 -1
0.430000 -0.250000 0.250000 0.080000 0.050000 0.080000 0 Colors/llbrown.bmp Objects/cube.obj 1 -1 -1 -1 -1 -1 -1 -1 -1 -1
0.600000 -0.250000 0.250000 0.080000 0.050000 0.080000 0 Colors/dbrown.bmp Objects/cube.obj 1 -1 -1 -1 -1 -1 -1 -1 -1 -1
0.770000 -0.250000 0.250000 0.080000 0.050000 0.080000 0 Colors/llbrown.bmp Objects/cube.obj 1 -1 -1 -1 -1 -1 -1 -1 -1 -1
0.939999 -0.250000 0.250000 0.080000 0.050000 0.080000 0 Colors/dbrown.bmp Objects/cube.obj 1 -1 -1 -1 -1 -1 -1 -1 -1 -1
1.109999 -0.250000 0.250000 0.080000 0.050000 0.080000 0 Colors/llbrown.bmp Objects/cube.obj 3 44 -1 -1 -1 -1 -1 -1 -1 -1
1.109999 -0.250000 0.090000 0.080000 0.050000 0.080000 0 Colors/dbrown.bmp Objects/cube.obj 1 -1 -1 -1 -1 -1 -1 -1 -1 -1
1.109999 -0.250000 -0.080000 0.080000 0.050000 0.080000 0 Colors/llbrown.bmp Objects/cube.obj 1 -1 -1 -1 -1 -1 -1 -1 -1 -1
1.109999 -0.250000 -0.240000 0.080000 0.050000 0.080000 0 Colors/dbrown.bmp Objects/cube.obj 1 -1 -1 -1 -1 -1 -1 -1 -1 -1
1.109999 -0.250000 -0.410000 0.080000 0.050000 0.080000 0 Colors/llbrown.bmp Objects/cube.obj 1 -1 -1 -1 -1 -1 -1 -1 -1 -1
1.109999 -0.250000 -0.580000 0.080000 0.050000 0.080000 0 Colors/dbrown.bmp Objects/cube.obj 1 -1 -1 -1 -1 -1 -1 -1 -1 -1
1.109999 -0.250000 -0.750000 0.080000 0.050000 0.080000 0 Colors/llbrown.bmp Objects/cube.obj 1 -1 -1 -1 -1 -1 -1 -1 -1 -1
1.109999 -0.250000 -0.919999 0.080000 0.050000 0.080000 0 Colors/dbrown.bmp Objects/cube.obj 3 45 -1 -1 -1 -1 -1 -1 -1 -1
0.939999 -0.250000 -0.919999 0.080000 0.050000 0.080000 0 Colors/llbrown.bmp Objects/cube.obj 1 -1 -1 -1 -1 -1 -1 -1 -1 -1
0.770000 -0.250000 -0.919999 0.080000 0.050000 0.080000 0 Colors/dbrown.bmp Objects/cube.obj 1 -1 -1 -1 -1 -1 -1 -1 -1 -1
0.600000 -0.250000 -0.919999 0.080000 0.050000 0.080000 0 Colors/llbrown.bmp Objects/cube.obj 1 -1 -1 -1 -1 -1 -1 -1 -1 -1
0.430000 -0.250000 -0.919999 0.080000 0.050000 0.080000 0 Colors/dbrown.bmp Objects/cube.obj 1 -1 -1 -1 -1 -1 -1 -1 -1 -1
0.260000 -0.250000 -0.919999 0.080000 0.050000 0.080000 0 Colors/llbrown.bmp Objects/cube.obj 1 -1 -1 -1 -1 -1 -1 -1 -1 -1
0.100000 -0.250000 -0.919999 0.080000 0.050000 0.080000 0 Colors/dbrown.bmp Objects/cube.obj 1 -1 -1 -1 -1 -1 -1 -1 -1 -1
-0.070000 -0.250000 -0.919999 0.080000 0.050000 0.080000 0 Colors/llbrown.bmp Objects/cube.obj 3 46 -1 -1 -1 -1 -1 -1 -1 -1
-0.070000 -0.250000 -0.750000 0.080000 0.050000 0.080000 0 Colors/dbrown.bmp Objects/cube.obj 1 -1 -1 -1 -1 -1 -1 -1 -1 -1
-0.070000 -0.250000 -0.580000 0.080000 0.050000 0.080000 0 Colors/llbrown.bmp Objects/cube.obj 1 -1 -1 -1 -1 -1 -1 -1 -1 -1
-0.070000 -0.250000 -0.410000 0.080000 0.050000 0.080000 0 Colors/dbrown.bmp Objects/cube.obj 1 -1 -1 -1 -1 -1 -1 -1 -1 -1
-0.070000 -0.250000 -0.240000 0.080000 0.050000 0.080000 0 Colors/llbrown.bmp Objects/cube.obj 1 -1 -1 -1 -1 -1 -1 -1 -1 -1
-0.070000 -0.250000 -0.080000 0.080000 0.050000 0.080000 0 Colors/dbrown.bmp Objects/cube.obj 1 -1 -1 -1 -1 -1 -1 -1 -1 -1
-0.070000 -0.250000 0.090000 0.080000 0.050000 0.080000 0 Colors/llbrown.bmp Objects/cube.obj 1 -1 -1 -1 -1 -1 -1 -1 -1 -1
0.180000 -0.250000 0.000000 0.160000 0.050000 0.160000 0 Colors/dbrown.bmp Objects/cube.obj 1 -1 -1 -1 -1 -1 -1 -1 -1 -1
0.859999 -0.250000 0.000000 0.160000 0.050000 0.160000 0 Colors/dbrown.bmp Objects/cube.obj 1 -1 -1 -1 -1 -1 -1 -1 -1 -1
0.859999 -0.250000 -0.670000 0.160000 0.050000 0.160000 0 Colors/dbrown.bmp Objects/cube.obj 1 -1 -1 -1 -1 -1 -1 -1 -1 -1
0.170000 -0.250000 -0.670000 0.160000 0.050000 0.160000 0 Colors/dbrown.bmp Objects/cube.obj 1 -1 -1 -1 -1 -1 -1 -1 -1 -1
0.170000 -0.250000 -0.330000 0.160000 0.050000 0.160000 0 Colors/llbrown.bmp Objects/cube.obj 1 40 -1 -1 -1 -1 -1 -1 -1 -1
0.859999 -0.250000 -0.330000 0.160000 0.050000 0.160000 0 Colors/llbrown.bmp Objects/cube.obj 1 42 -1 -1 -1 -1 -1 -1 -1 -1
0.520000 -0.250000 0.000000 0.160000 0.050000 0.160000 0 Colors/llbrown.bmp Objects/cube.obj 1 41 -1 -1 -1 -1 -1 -1 -1 -1
0.520000 -0.250000 -0.670000 0.160000 0.050000 0.160000 0 Colors/llbrown.bmp Objects/cube.obj 1 39 -1 -1 -1 -1 -1 -1 -1 -1
0.520000 -0.250000 -0.330000 0.160000 0.050000 0.160000 0 Colors/dbrown.bmp Objects/cube.obj 2 47 38 37 -1 -1 -1 -1 -1 -1
0.520000 -0.150000 -0.320000 0.130000 0.050000 0.120000 0 Colors/llbrown.bmp Objects/cube.obj 12 47 38 -1 -1 -1 -1 -1 -1 -1
0.520000 -0.050000 -0.320000 0.090000 0.050000 0.090000 0 Colors/dbrown.bmp Objects/cube.obj 22 47 -1 -1 -1 -1 -1 -1 -1 -1
0.520000 0.130000 -0.660000 0.090000 0.330000 0.090000 0 Colors/llbrown.bmp Objects/chess4.obj 11 -1 -1 -1 -1 -1 -1 -1 -1 -1
0.160000 -0.040000 -0.320000 0.090000 0.160000 0.080000 0 Colors/llbrown.bmp Objects/chess1.obj 11 -1 -1 -1 -1 -1 -1 -1 -1 -1
0.520000 -0.010000 0.010000 0.070000 0.190000 0.070000 0 Colors/llbrown.bmp Objects/chess2.obj 11 -1 -1 -1 -1 -1 -1 -1 -1 -1
0.839999 -0.030000 -0.300000 0.080000 0.170000 0.080000 0 Colors/llbrown.bmp Objects/chess1.obj 11 -1 -1 -1 -1 -1 -1 -1 -1 -1
-0.070000 0.060000 0.260000 0.070000 0.260000 0.060000 0 Colors/llbrown.bmp Objects/chess7.obj 11 -1 -1 -1 -1 -1 -1 -1 -1 -1
1.099999 0.060000 0.250000 0.070000 0.260000 0.060000 90 Colors/llbrown.bmp Objects/chess7.obj 11 -1 -1 -1 -1 -1 -1 -1 -1 -1
1.099999 0.060000 -0.909999 0.070000 0.260000 0.060000 180 Colors/llbrown.bmp Objects/chess7.obj 11 -1 -1 -1 -1 -1 -1 -1 -1 -1
-0.070000 0.060000 -0.919999 0.070000 0.260000 0.060000 270 Colors/llbrown.bmp Objects/chess7.obj 11 -1 -1 -1 -1 -1 -1 -1 -1 -1
0.510000 0.170000 -0.330000 0.080000 0.170000 0.080000 0 Colors/llbrown.bmp Objects/chess6.obj 31 -1 -1 -1 -1 -1 -1 -1 -1 -1