0.900000 Colors/gray.bmp
0.040000 -0.260000 0.210000 0.080000 0.040000 0.080000 0 Colors/llbrown.bmp Objects/cube.obj 3 1 2 3 4 5 -1 -1 -1 -1
0.040000 -0.180000 0.210000 0.080000 0.040000 0.080000 0 Colors/dbrown.bmp Objects/cube.obj 1 2 3 4 5 -1 -1 -1 -1 -1
0.040000 -0.100000 0.210000 0.080000 0.040000 0.080000 0 Colors/llbrown.bmp Objects/cube.obj 2 3 4 5 -1 -1 -1 -1 -1 -1
0.040000 -0.020000 0.210000 0.080000 0.040000 0.080000 0 Colors/dbrown.bmp Objects/cube.obj 1 4 5 -1 -1 -1 -1 -1 -1 -1
0.040000 0.060000 0.210000 0.080000 0.040000 0.080000 0 Colors/llbrown.bmp Objects/cube.obj 1 5 -1 -1 -1 -1 -1 -1 -1 -1
0.040000 0.200000 0.200000 0.050000 0.100000 0.060000 0 Colors/llbrown.bmp Objects/chess2.obj 1 -1 -1 -1 -1 -1 -1 -1 -1 -1
0.200000 -0.260000 0.050000 0.080000 0.040000 0.080000 0 Colors/llbrown.bmp Objects/cube.obj 2 -1 -1 -1 -1 -1 -1 -1 -1 -1
0.370000 -0.260000 -0.120000 0.080000 0.040000 0.080000 0 Colors/dbrown.bmp Objects/cube.obj 2 35 -1 -1 -1 -1 -1 -1 -1 -1
0.590000 -0.260000 -0.350000 0.130000 0.040000 0.140000 0 Colors/llbrown.bmp Objects/cube.obj 5 37 -1 -1 -1 -1 -1 -1 -1 -1
0.800000 -0.260000 -0.120000 0.080000 0.040000 0.080000 0 Colors/dbrown.bmp Objects/cube.obj 2 34 -1 -1 -1 -1 -1 -1 -1 -1
0.959999 -0.260000 0.050000 0.080000 0.040000 0.080000 0 Colors/llbrown.bmp Objects/cube.obj 2 -1 -1 -1 -1 -1 -1 -1 -1 -1
0.370000 -0.260000 -0.560000 0.080000 0.040000 0.080000 0 Colors/dbrown.bmp Objects/cube.obj 2 33 -1 -1 -1 -1 -1 -1 -1 -1
0.810000 -0.260000 -0.570000 0.080000 0.040000 0.080000 0 Colors/dbrown.bmp Objects/cube.obj 2 36 -1 -1 -1 -1 -1 -1 -1 -1
0.200000 -0.260000 -0.710000 0.080000 0.040000 0.080000 0 Colors/llbrown.bmp Objects/cube.obj 2 -1 -1 -1 -1 -1 -1 -1 -1 -1
0.979999 -0.260000 -0.730000 0.080000 0.040000 0.080000 0 Colors/llbrown.bmp Objects/cube.obj 2 -1 -1 -1 -1 -1 -1 -1 -1 -1
0.040000 -0.260000 -0.879999 0.080000 0.040000 0.080000 0 Colors/dbrown.bmp Objects/cube.obj 3 16 17 18 19 31 -1 -1 -1 -1
0.040000 -0.180000 -0.879999 0.080000 0.040000 0.080000 0 Colors/llbrown.bmp Objects/cube.obj 2 17 18 19 31 -1 -1 -1 -1 -1
0.040000 -0.100000 -0.879999 0.080000 0.040000 0.080000 0 Colors/dbrown.bmp Objects/cube.obj 2 18 19 31 -1 -1 -1 -1 -1 -1
0.040000 -0.020000 -0.879999 0.080000 0.040000 0.080000 0 Colors/llbrown.bmp Objects/cube.obj 1 19 31 -1 -1 -1 -1 -1 -1 -1
0.040000 0.060000 -0.879999 0.080000 0.040000 0.080000 0 Colors/dbrown.bmp Objects/cube.obj 1 31 -1 -1 -1 -1 -1 -1 -1 -1
1.139999 -0.260000 -0.899999 0.080000 0.040000 0.080000 0 Colors/dbrown.bmp Objects/cube.obj 3 21 22 23 24 32 -1 -1 -1 -1
1.139999 -0.180000 -0.899999 0.080000 0.040000 0.080000 0 Colors/llbrown.bmp Objects/cube.obj 2 22 23 24 32 -1 -1 -1 -1 -1
1.139999 -0.100000 -0.899999 0.080000 0.040000 0.080000 0 Colors/dbrown.bmp Objects/cube.obj 2 23 24 32 -1 -1 -1 -1 -1 -1
1.139999 -0.020000 -0.899999 0.080000 0.040000 0.080000 0 Colors/llbrown.bmp Objects/cube.obj 1 24 32 -1 -1 -1 -1 -1 -1 -1
1.139999 0.060000 -0.899999 0.080000 0.040000 0.080000 0 Colors/dbrown.bmp Objects/cube.obj 1 32 -1 -1 -1 -1 -1 -1 -1 -1
1.139999 -0.260000 0.200000 0.080000 0.040000 0.080000 0 Colors/llbrown.bmp Objects/cube.obj 3 26 27 28 29 30 -1 -1 -1 -1
1.139999 -0.180000 0.200000 0.080000 0.040000 0.080000 0 Colors/dbrown.bmp Objects/cube.obj 2 27 28 29 30 -1 -1 -1 -1 -1
1.139999 -0.100000 0.200000 0.080000 0.040000 0.080000 0 Colors/llbrown.bmp Objects/cube.obj 2 28 29 30 -1 -1 -1 -1 -1 -1
1.139999 -0.020000 0.200000 0.080000 0.040000 0.080000 0 Colors/dbrown.bmp Objects/cube.obj 1 29 30 -1 -1 -1 -1 -1 -1 -1
1.139999 0.060000 0.200000 0.080000 0.040000 0.080000 0 Colors/llbrown.bmp Objects/cube.obj 1 30 -1 -1 -1 -1 -1 -1 -1 -1
1.149999 0.190000 0.200000 0.050000 0.090000 0.050000 0 Colors/dbrown.bmp Objects/chess2.obj 1 -1 -1 -1 -1 -1 -1 -1 -1 -1
0.040000 0.190000 -0.889999 0.050000 0.090000 0.050000 0 Colors/dbrown.bmp Objects/chess2.obj 1 -1 -1 -1 -1 -1 -1 -1 -1 -1
1.149999 0.190000 -0.909999 0.050000 0.090000 0.050000 0 Colors/llbrown.bmp Objects/chess2.obj 1 -1 -1 -1 -1 -1 -1 -1 -1 -1
0.370000 -0.130000 -0.560000 0.050000 0.090000 0.050000 0 Colors/llbrown.bmp Objects/chess4.obj -1 -1 -1 -1 -1 -1 -1 -1 -1 -1
0.800000 -0.130000 -0.120000 0.050000 0.090000 0.050000 0 Colors/llbrown.bmp Objects/chess4.obj -1 -1 -1 -1 -1 -1 -1 -1 -1 -1
0.370000 -0.130000 -0.120000 0.050000 0.090000 0.050000 0 Colors/dbrown.bmp Objects/chess4.obj -1 -1 -1 -1 -1 -1 -1 -1 -1 -1
0.810000 -0.130000 -0.570000 0.050000 0.090000 0.050000 0 Colors/dbrown.bmp Objects/chess4.obj 1 -1 -1 -1 -1 -1 -1 -1 -1 -1
0.580000 -0.030000 -0.340000 0.060000 0.190000 0.060000 0 Colors/dbrown.bmp Objects/chess3.obj 1 -1 -1 -1 -1 -1 -1 -1 -1 -1