0.900000 Colors/gray.bmp
0.040000 -0.260000 0.380000 0.080000 0.040000 0.080000 0 Colors/dbrown.bmp Objects/cube.obj 1 -1 -1 -1 -1 -1 -1 -1 -1 -1
0.200000 -0.260000 0.380000 0.080000 0.040000 0.080000 0 Colors/llbrown.bmp Objects/cube.obj 1 -1 -1 -1 -1 -1 -1 -1 -1 -1
0.370000 -0.260000 0.380000 0.080000 0.040000 0.080000 0 Colors/dbrown.bmp Objects/cube.obj 1 -1 -1 -1 -1 -1 -1 -1 -1 -1
0.540000 -0.260000 0.380000 0.080000 0.040000 0.080000 0 Colors/llbrown.bmp Objects/cube.obj 1 -1 -1 -1 -1 -1 -1 -1 -1 -1
0.710000 -0.260000 0.380000 0.080000 0.040000 0.080000 0 Colors/dbrown.bmp Objects/cube.obj 1 -1 -1 -1 -1 -1 -1 -1 -1 -1
0.879999 -0.260000 0.380000 0.080000 0.040000 0.080000 0 Colors/llbrown.bmp Objects/cube.obj 1 -1 -1 -1 -1 -1 -1 -1 -1 -1
1.049999 -0.260000 0.380000 0.080000 0.040000 0.080000 0 Colors/dbrown.bmp Objects/cube.obj 1 -1 -1 -1 -1 -1 -1 -1 -1 -1
-0.130000 -0.260000 0.210000 0.080000 0.040000 0.080000 0 Colors/dbrown.bmp Objects/cube.obj 2 64 -1 -1 -1 -1 -1 -1 -1 -1
-0.130000 -0.260000 0.050000 0.080000 0.040000 0.080000 0 Colors/llbrown.bmp Objects/cube.obj 1 -1 -1 -1 -1 -1 -1 -1 -1 -1
-0.130000 -0.260000 -0.120000 0.080000 0.040000 0.080000 0 Colors/dbrown.bmp Objects/cube.obj 1 -1 -1 -1 -1 -1 -1 -1 -1 -1
-0.130000 -0.260000 -0.280000 0.080000 0.040000 0.080000 0 Colors/llbrown.bmp Objects/cube.obj 1 -1 -1 -1 -1 -1 -1 -1 -1 -1
-0.130000 -0.260000 -0.450000 0.080000 0.040000 0.080000 0 Colors/dbrown.bmp Objects/cube.obj 1 -1 -1 -1 -1 -1 -1 -1 -1 -1
-0.130000 -0.260000 -0.620000 0.080000 0.040000 0.080000 0 Colors/llbrown.bmp Objects/cube.obj 1 -1 -1 -1 -1 -1 -1 -1 -1 -1
-0.130000 -0.260000 -0.790000 0.080000 0.040000 0.080000 0 Colors/dbrown.bmp Objects/cube.obj 1 67 -1 -1 -1 -1 -1 -1 -1 -1
-0.130000 -0.260000 0.380000 0.080000 0.040000 0.080000 0 Colors/llbrown.bmp Objects/cube.obj 1 -1 -1 -1 -1 -1 -1 -1 -1 -1
1.049999 -0.260000 0.210000 0.080000 0.040000 0.080000 0 Colors/llbrown.bmp Objects/cube.obj 1 -1 -1 -1 -1 -1 -1 -1 -1 -1
1.049999 -0.260000 0.050000 0.080000 0.040000 0.080000 0 Colors/dbrown.bmp Objects/cube.obj 1 65 -1 -1 -1 -1 -1 -1 -1 -1
1.049999 -0.260000 -0.120000 0.080000 0.040000 0.080000 0 Colors/llbrown.bmp Objects/cube.obj 1 -1 -1 -1 -1 -1 -1 -1 -1 -1
1.049999 -0.260000 -0.280000 0.080000 0.040000 0.080000 0 Colors/dbrown.bmp Objects/cube.obj 1 -1 -1 -1 -1 -1 -1 -1 -1 -1
1.049999 -0.260000 -0.450000 0.080000 0.040000 0.080000 0 Colors/llbrown.bmp Objects/cube.obj 1 -1 -1 -1 -1 -1 -1 -1 -1 -1
1.049999 -0.260000 -0.620000 0.080000 0.040000 0.080000 0 Colors/dbrown.bmp Objects/cube.obj 1 -1 -1 -1 -1 -1 -1 -1 -1 -1
1.049999 -0.260000 -0.790000 0.080000 0.040000 0.080000 0 Colors/llbrown.bmp Objects/cube.obj 1 -1 -1 -1 -1 -1 -1 -1 -1 -1
0.880000 -0.260000 -0.790000 0.080000 0.040000 0.080000 0 Colors/dbrown.bmp Objects/cube.obj 1 -1 -1 -1 -1 -1 -1 -1 -1 -1
0.710000 -0.260000 -0.790000 0.080000 0.040000 0.080000 0 Colors/llbrown.bmp Objects/cube.obj 1 -1 -1 -1 -1 -1 -1 -1 -1 -1
0.540000 -0.260000 -0.790000 0.080000 0.040000 0.080000 0 Colors/dbrown.bmp Objects/cube.obj 1 -1 -1 -1 -1 -1 -1 -1 -1 -1
0.370000 -0.260000 -0.790000 0.080000 0.040000 0.080000 0 Colors/llbrown.bmp Objects/cube.obj 1 66 -1 -1 -1 -1 -1 -1 -1 -1
0.200000 -0.260000 -0.790000 0.080000 0.040000 0.080000 0 Colors/dbrown.bmp Objects/cube.obj 1 -1 -1 -1 -1 -1 -1 -1 -1 -1
0.030000 -0.260000 -0.790000 0.080000 0.040000 0.080000 0 Colors/llbrown.bmp Objects/cube.obj 1 -1 -1 -1 -1 -1 -1 -1 -1 -1
0.200000 -0.260000 0.050000 0.240000 0.040000 0.240000 0 Colors/llbrown.bmp Objects/cube.obj 1 32 33 34 35 36 37 56 60 -1
0.720000 -0.260000 0.050000 0.240000 0.040000 0.240000 0 Colors/lbrown.bmp Objects/cube.obj 5 47 48 49 53 54 55 57 61 -1
0.200000 -0.260000 -0.460000 0.240000 0.040000 0.240000 0 Colors/lbrown.bmp Objects/cube.obj 5 38 39 40 41 42 43 59 62 -1
0.720000 -0.260000 -0.460000 0.240000 0.040000 0.240000 0 Colors/llbrown.bmp Objects/cube.obj 5 44 45 46 50 51 52 58 63 -1
0.040000 -0.180000 -0.120000 0.080000 0.040000 0.080000 0 Colors/llbrown.bmp Objects/cube.obj 1 -1 -1 -1 -1 -1 -1 -1 -1 -1
0.200000 -0.180000 -0.120000 0.080000 0.040000 0.080000 0 Colors/dbrown.bmp Objects/cube.obj 1 34 -1 -1 -1 -1 -1 -1 -1 -1
0.200000 -0.100000 -0.120000 0.080000 0.040000 0.080000 0 Colors/dbrown.bmp Objects/cube.obj 1 -1 -1 -1 -1 -1 -1 -1 -1 -1
0.370000 -0.180000 -0.120000 0.080000 0.040000 0.080000 0 Colors/llbrown.bmp Objects/cube.obj 1 36 37 56 -1 -1 -1 -1 -1 -1
0.370000 -0.100000 -0.120000 0.080000 0.040000 0.080000 0 Colors/llbrown.bmp Objects/cube.obj 1 37 56 -1 -1 -1 -1 -1 -1 -1
0.370000 -0.020000 -0.120000 0.080000 0.040000 0.080000 0 Colors/llbrown.bmp Objects/cube.obj 1 56 -1 -1 -1 -1 -1 -1 -1 -1
0.040000 -0.180000 -0.280000 0.080000 0.040000 0.080000 0 Colors/dbrown.bmp Objects/cube.obj 1 -1 -1 -1 -1 -1 -1 -1 -1 -1
0.200000 -0.180000 -0.280000 0.080000 0.040000 0.080000 0 Colors/llbrown.bmp Objects/cube.obj 1 40 42 43 -1 -1 -1 -1 -1 -1
0.200000 -0.100000 -0.280000 0.080000 0.040000 0.080000 0 Colors/llbrown.bmp Objects/cube.obj 1 42 43 -1 -1 -1 -1 -1 -1 -1
0.370000 -0.180000 -0.280000 0.080000 0.040000 0.080000 0 Colors/dbrown.bmp Objects/cube.obj 1 42 43 59 -1 -1 -1 -1 -1 -1
0.360000 -0.100000 -0.280000 0.080000 0.040000 0.080000 0 Colors/dbrown.bmp Objects/cube.obj 1 43 59 -1 -1 -1 -1 -1 -1 -1
0.360000 -0.020000 -0.280000 0.080000 0.040000 0.080000 0 Colors/dbrown.bmp Objects/cube.obj 1 59 -1 -1 -1 -1 -1 -1 -1 -1
0.560000 -0.180000 -0.300000 0.080000 0.040000 0.080000 0 Colors/llbrown.bmp Objects/cube.obj 1 45 46 58 -1 -1 -1 -1 -1 -1
0.560000 -0.100000 -0.300000 0.080000 0.040000 0.080000 0 Colors/llbrown.bmp Objects/cube.obj 1 46 58 -1 -1 -1 -1 -1 -1 -1
0.560000 -0.020000 -0.300000 0.080000 0.040000 0.080000 0 Colors/llbrown.bmp Objects/cube.obj 1 58 -1 -1 -1 -1 -1 -1 -1 -1
0.560000 -0.180000 -0.130000 0.080000 0.040000 0.080000 0 Colors/dbrown.bmp Objects/cube.obj 1 48 49 57 -1 -1 -1 -1 -1 -1
0.560000 -0.100000 -0.130000 0.080000 0.040000 0.080000 0 Colors/dbrown.bmp Objects/cube.obj 1 49 57 -1 -1 -1 -1 -1 -1 -1
0.560000 -0.020000 -0.130000 0.080000 0.040000 0.080000 0 Colors/dbrown.bmp Objects/cube.obj 1 57 -1 -1 -1 -1 -1 -1 -1 -1
0.730000 -0.180000 -0.300000 0.080000 0.040000 0.080000 0 Colors/llbrown.bmp Objects/cube.obj 1 51 -1 -1 -1 -1 -1 -1 -1 -1
0.730000 -0.100000 -0.300000 0.080000 0.040000 0.080000 0 Colors/llbrown.bmp Objects/cube.obj 1 -1 -1 -1 -1 -1 -1 -1 -1 -1
0.889999 -0.180000 -0.300000 0.070000 0.040000 0.080000 0 Colors/dbrown.bmp Objects/cube.obj 1 -1 -1 -1 -1 -1 -1 -1 -1 -1
0.730000 -0.180000 -0.130000 0.080000 0.040000 0.080000 0 Colors/llbrown.bmp Objects/cube.obj 1 54 55 -1 -1 -1 -1 -1 -1 -1
0.730000 -0.100000 -0.130000 0.080000 0.040000 0.080000 0 Colors/llbrown.bmp Objects/cube.obj 1 55 -1 -1 -1 -1 -1 -1 -1 -1
0.879999 -0.180000 -0.130000 0.070000 0.040000 0.080000 0 Colors/llbrown.bmp Objects/cube.obj 1 -1 -1 -1 -1 -1 -1 -1 -1 -1
0.370000 0.060000 -0.130000 0.060000 0.040000 0.060000 0 Colors/llbrown.bmp Objects/chess7.obj 1 -1 -1 -1 -1 -1 -1 -1 -1 -1
0.560000 0.060000 -0.130000 0.060000 0.040000 0.060000 90 Colors/dbrown.bmp Objects/chess7.obj 1 -1 -1 -1 -1 -1 -1 -1 -1 -1
0.560000 0.060000 -0.300000 0.060000 0.040000 0.060000 180 Colors/llbrown.bmp Objects/chess7.obj 1 -1 -1 -1 -1 -1 -1 -1 -1 -1
0.360000 0.060000 -0.270000 0.060000 0.040000 0.060000 270 Colors/dbrown.bmp Objects/chess7.obj 1 -1 -1 -1 -1 -1 -1 -1 -1 -1
0.190000 -0.180000 0.160000 0.030000 0.040000 0.030000 0 Colors/dbrown.bmp Objects/diamond2.obj -1 -1 -1 -1 -1 -1 -1 -1 -1 -1
0.720000 -0.180000 0.160000 0.030000 0.040000 0.030000 0 Colors/dbrown.bmp Objects/diamond2.obj -1 -1 -1 -1 -1 -1 -1 -1 -1 -1
0.180000 -0.180000 -0.510000 0.030000 0.040000 0.030000 0 Colors/dbrown.bmp Objects/diamond2.obj -1 -1 -1 -1 -1 -1 -1 -1 -1 -1
0.750000 -0.180000 -0.510000 0.030000 0.040000 0.030000 0 Colors/dbrown.bmp Objects/diamond2.obj -1 -1 -1 -1 -1 -1 -1 -1 -1 -1
-0.140000 -0.060000 0.220000 0.050000 0.160000 0.050000 0 Colors/dbrown.bmp Objects/chess5.obj 1 -1 -1 -1 -1 -1 -1 -1 -1 -1
1.039999 -0.040000 0.050000 0.050000 0.180000 0.050000 0 Colors/llbrown.bmp Objects/chess4.obj -1 -1 -1 -1 -1 -1 -1 -1 -1 -1
0.360000 -0.040000 -0.770000 0.050000 0.180000 0.050000 0 Colors/llbrown.bmp Objects/chess3.obj 1 -1 -1 -1 -1 -1 -1 -1 -1 -1
-0.130000 -0.120000 -0.790000 0.050000 0.100000 0.050000 0 Colors/llbrown.bmp Objects/chess2.obj -1 -1 -1 -1 -1 -1 -1 -1 -1 -1