0.900000 Colors/gray.bmp
0.510000 -0.260000 0.210000 0.080000 0.040000 0.080000 0 Colors/dbrown.bmp Objects/cube.obj 3 -1 -1 -1 -1 -1 -1 -1 -1 -1
0.510000 -0.260000 0.050000 0.080000 0.040000 0.080000 0 Colors/llbrown.bmp Objects/cube.obj 2 22 -1 -1 -1 -1 -1 -1 -1 -1
0.510000 -0.260000 -0.120000 0.080000 0.040000 0.080000 0 Colors/dbrown.bmp Objects/cube.obj 2 -1 -1 -1 -1 -1 -1 -1 -1 -1
0.510000 -0.260000 -0.280000 0.080000 0.040000 0.080000 0 Colors/llbrown.bmp Objects/cube.obj 3 13 14 15 16 17 -1 -1 -1 -1
0.510000 -0.260000 -0.450000 0.080000 0.040000 0.080000 0 Colors/dbrown.bmp Objects/cube.obj 2 -1 -1 -1 -1 -1 -1 -1 -1 -1
0.510000 -0.260000 -0.620000 0.080000 0.040000 0.080000 0 Colors/llbrown.bmp Objects/cube.obj 2 25 -1 -1 -1 -1 -1 -1 -1 -1
0.510000 -0.260000 -0.790000 0.080000 0.040000 0.080000 0 Colors/dbrown.bmp Objects/cube.obj 3 -1 -1 -1 -1 -1 -1 -1 -1 -1
0.340000 -0.260000 -0.280000 0.080000 0.040000 0.080000 0 Colors/dbrown.bmp Objects/cube.obj 2 -1 -1 -1 -1 -1 -1 -1 -1 -1
0.680000 -0.260000 -0.280000 0.080000 0.040000 0.080000 0 Colors/dbrown.bmp Objects/cube.obj 2 -1 -1 -1 -1 -1 -1 -1 -1 -1
0.170000 -0.260000 -0.280000 0.080000 0.040000 0.080000 0 Colors/llbrown.bmp Objects/cube.obj 2 23 -1 -1 -1 -1 -1 -1 -1 -1
0.849999 -0.260000 -0.280000 0.080000 0.040000 0.080000 0 Colors/llbrown.bmp Objects/cube.obj 2 24 -1 -1 -1 -1 -1 -1 -1 -1
0.000000 -0.260000 -0.280000 0.080000 0.040000 0.080000 0 Colors/dbrown.bmp Objects/cube.obj 3 -1 -1 -1 -1 -1 -1 -1 -1 -1
1.019999 -0.260000 -0.280000 0.080000 0.040000 0.080000 0 Colors/dbrown.bmp Objects/cube.obj 3 -1 -1 -1 -1 -1 -1 -1 -1 -1
0.510000 -0.180000 -0.280000 0.080000 0.040000 0.080000 0 Colors/llbrown.bmp Objects/cube.obj 2 14 15 16 17 -1 -1 -1 -1 -1
0.510000 -0.100000 -0.280000 0.080000 0.040000 0.080000 0 Colors/llbrown.bmp Objects/cube.obj 2 15 16 17 -1 -1 -1 -1 -1 -1
0.510000 -0.020000 -0.280000 0.080000 0.040000 0.080000 0 Colors/llbrown.bmp Objects/cube.obj 2 16 17 -1 -1 -1 -1 -1 -1 -1
0.510000 0.060000 -0.280000 0.080000 0.040000 0.080000 0 Colors/llbrown.bmp Objects/cube.obj 3 17 -1 -1 -1 -1 -1 -1 -1 -1
0.510000 0.270000 -0.280000 0.060000 0.170000 0.060000 0 Colors/dbrown.bmp Objects/chess4.obj 3 -1 -1 -1 -1 -1 -1 -1 -1 -1
0.200000 -0.260000 0.020000 0.220000 0.040000 0.210000 0 Colors/dbrown.bmp Objects/qurter2.obj 5 27 -1 -1 -1 -1 -1 -1 -1 -1
0.820000 -0.260000 -0.590000 0.220000 0.040000 0.220000 -180 Colors/dbrown.bmp Objects/qurter2.obj 5 29 -1 -1 -1 -1 -1 -1 -1 -1
0.200000 -0.260000 -0.590000 0.220000 0.040000 0.220000 -90 Colors/llbrown.bmp Objects/qurter2.obj 5 26 -1 -1 -1 -1 -1 -1 -1 -1
0.820000 -0.260000 0.030000 0.210000 0.040000 0.220000 -270 Colors/llbrown.bmp Objects/qurter2.obj 5 28 -1 -1 -1 -1 -1 -1 -1 -1
0.500000 -0.080000 0.060000 0.050000 0.140000 0.060000 0 Colors/llbrown.bmp Objects/chess5.obj 2 -1 -1 -1 -1 -1 -1 -1 -1 -1
0.170000 -0.130000 -0.280000 0.050000 0.090000 0.060000 0 Colors/dbrown.bmp Objects/chess2.obj 2 -1 -1 -1 -1 -1 -1 -1 -1 -1
0.849999 -0.090000 -0.270000 0.050000 0.130000 0.050000 0 Colors/dbrown.bmp Objects/chess4.obj 2 -1 -1 -1 -1 -1 -1 -1 -1 -1
0.480000 -0.130000 -0.620000 0.040000 0.090000 0.040000 0 Colors/llbrown.bmp Objects/chess6.obj 2 -1 -1 -1 -1 -1 -1 -1 -1 -1
0.210000 -0.120000 -0.560000 0.050000 0.100000 0.050000 0 Colors/llbrown.bmp Objects/chess1.obj -1 -1 -1 -1 -1 -1 -1 -1 -1 -1
0.210000 -0.120000 0.030000 0.050000 0.100000 0.050000 0 Colors/llbrown.bmp Objects/chess1.obj -1 -1 -1 -1 -1 -1 -1 -1 -1 -1
0.800000 -0.120000 0.030000 0.050000 0.100000 0.050000 0 Colors/llbrown.bmp Objects/chess1.obj -1 -1 -1 -1 -1 -1 -1 -1 -1 -1
0.800000 -0.120000 -0.530000 0.050000 0.100000 0.050000 0 Colors/llbrown.bmp Objects/chess1.obj -1 -1 -1 -1 -1 -1 -1 -1 -1 -1