0.900000 Colors/gray.bmp
0.859999 -0.260000 -0.600000 0.080000 0.040000 0.080000 0 Colors/llbrown.bmp Objects/cube.obj 1 -1 -1 -1 -1 -1 -1 -1 -1 -1
1.029999 -0.260000 -0.600000 0.080000 0.040000 0.080000 0 Colors/dbrown.bmp Objects/cube.obj 1 52 -1 -1 -1 -1 -1 -1 -1 -1
1.029999 -0.260000 -0.430000 0.080000 0.040000 0.080000 0 Colors/llbrown.bmp Objects/cube.obj 1 -1 -1 -1 -1 -1 -1 -1 -1 -1
1.029999 -0.260000 -0.260000 0.080000 0.040000 0.080000 0 Colors/dbrown.bmp Objects/cube.obj 1 -1 -1 -1 -1 -1 -1 -1 -1 -1
1.029999 -0.260000 -0.100000 0.080000 0.040000 0.080000 0 Colors/llbrown.bmp Objects/cube.obj 1 -1 -1 -1 -1 -1 -1 -1 -1 -1
1.029999 -0.260000 0.070000 0.080000 0.040000 0.080000 0 Colors/dbrown.bmp Objects/cube.obj 1 -1 -1 -1 -1 -1 -1 -1 -1 -1
1.029999 -0.260000 0.230000 0.080000 0.040000 0.080000 0 Colors/llbrown.bmp Objects/cube.obj 1 -1 -1 -1 -1 -1 -1 -1 -1 -1
1.029999 -0.260000 0.400000 0.080000 0.040000 0.080000 0 Colors/dbrown.bmp Objects/cube.obj 1 53 -1 -1 -1 -1 -1 -1 -1 -1
0.860000 -0.260000 0.400000 0.080000 0.040000 0.080000 0 Colors/llbrown.bmp Objects/cube.obj 1 -1 -1 -1 -1 -1 -1 -1 -1 -1
0.690000 -0.260000 0.400000 0.080000 0.040000 0.080000 0 Colors/dbrown.bmp Objects/cube.obj 1 -1 -1 -1 -1 -1 -1 -1 -1 -1
0.520000 -0.260000 0.400000 0.080000 0.040000 0.080000 0 Colors/llbrown.bmp Objects/cube.obj 1 -1 -1 -1 -1 -1 -1 -1 -1 -1
0.350000 -0.260000 0.400000 0.080000 0.040000 0.080000 0 Colors/dbrown.bmp Objects/cube.obj 1 -1 -1 -1 -1 -1 -1 -1 -1 -1
0.180000 -0.260000 0.400000 0.080000 0.040000 0.080000 0 Colors/llbrown.bmp Objects/cube.obj 1 -1 -1 -1 -1 -1 -1 -1 -1 -1
0.010000 -0.260000 0.400000 0.080000 0.040000 0.080000 0 Colors/dbrown.bmp Objects/cube.obj 1 50 -1 -1 -1 -1 -1 -1 -1 -1
0.690000 -0.260000 -0.600000 0.080000 0.040000 0.080000 0 Colors/dbrown.bmp Objects/cube.obj 1 -1 -1 -1 -1 -1 -1 -1 -1 -1
0.520000 -0.260000 -0.600000 0.080000 0.040000 0.080000 0 Colors/llbrown.bmp Objects/cube.obj 1 -1 -1 -1 -1 -1 -1 -1 -1 -1
0.350000 -0.260000 -0.600000 0.080000 0.040000 0.080000 0 Colors/dbrown.bmp Objects/cube.obj 1 -1 -1 -1 -1 -1 -1 -1 -1 -1
0.180000 -0.260000 -0.600000 0.080000 0.040000 0.080000 0 Colors/llbrown.bmp Objects/cube.obj 1 -1 -1 -1 -1 -1 -1 -1 -1 -1
0.010000 -0.260000 -0.600000 0.080000 0.040000 0.080000 0 Colors/dbrown.bmp Objects/cube.obj 1 51 -1 -1 -1 -1 -1 -1 -1 -1
0.010000 -0.260000 -0.430000 0.080000 0.040000 0.080000 0 Colors/llbrown.bmp Objects/cube.obj 1 -1 -1 -1 -1 -1 -1 -1 -1 -1
0.010000 -0.260000 -0.260000 0.080000 0.040000 0.080000 0 Colors/dbrown.bmp Objects/cube.obj 1 -1 -1 -1 -1 -1 -1 -1 -1 -1
0.010000 -0.260000 -0.100000 0.080000 0.040000 0.080000 0 Colors/llbrown.bmp Objects/cube.obj 1 -1 -1 -1 -1 -1 -1 -1 -1 -1
0.010000 -0.260000 0.070000 0.080000 0.040000 0.080000 0 Colors/dbrown.bmp Objects/cube.obj 1 -1 -1 -1 -1 -1 -1 -1 -1 -1
0.010000 -0.260000 0.230000 0.080000 0.040000 0.080000 0 Colors/llbrown.bmp Objects/cube.obj 1 -1 -1 -1 -1 -1 -1 -1 -1 -1
0.180000 -0.220000 0.230000 0.080000 0.080000 0.080000 0 Colors/dbrown.bmp Objects/cube.obj 1 55 -1 -1 -1 -1 -1 -1 -1 -1
0.520000 -0.220000 0.230000 0.080000 0.080000 0.080000 0 Colors/dbrown.bmp Objects/cube.obj 1 -1 -1 -1 -1 -1 -1 -1 -1 -1
0.859999 -0.220000 0.230000 0.080000 0.080000 0.080000 0 Colors/dbrown.bmp Objects/cube.obj 1 56 -1 -1 -1 -1 -1 -1 -1 -1
0.859999 -0.220000 -0.430000 0.080000 0.080000 0.080000 0 Colors/dbrown.bmp Objects/cube.obj 1 57 -1 -1 -1 -1 -1 -1 -1 -1
0.520000 -0.220000 -0.430000 0.080000 0.080000 0.080000 0 Colors/dbrown.bmp Objects/cube.obj 1 -1 -1 -1 -1 -1 -1 -1 -1 -1
0.180000 -0.220000 -0.430000 0.080000 0.080000 0.080000 0 Colors/dbrown.bmp Objects/cube.obj 1 54 -1 -1 -1 -1 -1 -1 -1 -1
0.180000 -0.220000 -0.100000 0.080000 0.080000 0.080000 0 Colors/dbrown.bmp Objects/cube.obj 1 -1 -1 -1 -1 -1 -1 -1 -1 -1
0.180000 -0.220000 0.070000 0.080000 0.080000 0.080000 0 Colors/llbrown.bmp Objects/cube.obj 1 -1 -1 -1 -1 -1 -1 -1 -1 -1
0.180000 -0.220000 -0.260000 0.080000 0.080000 0.080000 0 Colors/llbrown.bmp Objects/cube.obj 1 -1 -1 -1 -1 -1 -1 -1 -1 -1
0.350000 -0.220000 0.230000 0.080000 0.080000 0.080000 0 Colors/llbrown.bmp Objects/cube.obj 1 -1 -1 -1 -1 -1 -1 -1 -1 -1
0.690000 -0.220000 0.230000 0.080000 0.080000 0.080000 0 Colors/llbrown.bmp Objects/cube.obj 1 -1 -1 -1 -1 -1 -1 -1 -1 -1
0.690000 -0.220000 -0.430000 0.080000 0.080000 0.080000 0 Colors/llbrown.bmp Objects/cube.obj 1 -1 -1 -1 -1 -1 -1 -1 -1 -1
0.350000 -0.220000 -0.430000 0.080000 0.080000 0.080000 0 Colors/llbrown.bmp Objects/cube.obj 1 -1 -1 -1 -1 -1 -1 -1 -1 -1
0.859999 -0.220000 -0.260000 0.080000 0.080000 0.080000 0 Colors/llbrown.bmp Objects/cube.obj 1 -1 -1 -1 -1 -1 -1 -1 -1 -1
0.859999 -0.220000 0.070000 0.080000 0.080000 0.080000 0 Colors/llbrown.bmp Objects/cube.obj 1 -1 -1 -1 -1 -1 -1 -1 -1 -1
0.859999 -0.220000 -0.100000 0.080000 0.080000 0.080000 0 Colors/dbrown.bmp Objects/cube.obj 1 -1 -1 -1 -1 -1 -1 -1 -1 -1
0.350000 -0.160000 0.070000 0.080000 0.140000 0.080000 0 Colors/dbrown.bmp Objects/cube.obj 3 58 -1 -1 -1 -1 -1 -1 -1 -1
0.690000 -0.160000 0.070000 0.080000 0.140000 0.080000 0 Colors/dbrown.bmp Objects/cube.obj 3 61 -1 -1 -1 -1 -1 -1 -1 -1
0.690000 -0.160000 -0.260000 0.080000 0.140000 0.080000 0 Colors/dbrown.bmp Objects/cube.obj 3 60 -1 -1 -1 -1 -1 -1 -1 -1
0.350000 -0.160000 -0.260000 0.080000 0.140000 0.080000 0 Colors/dbrown.bmp Objects/cube.obj 3 59 -1 -1 -1 -1 -1 -1 -1 -1
0.350000 -0.160000 -0.100000 0.080000 0.140000 0.080000 0 Colors/llbrown.bmp Objects/cube.obj 3 -1 -1 -1 -1 -1 -1 -1 -1 -1
0.520000 -0.160000 0.070000 0.080000 0.140000 0.080000 0 Colors/llbrown.bmp Objects/cube.obj 3 -1 -1 -1 -1 -1 -1 -1 -1 -1
0.520000 -0.160000 -0.260000 0.080000 0.140000 0.080000 0 Colors/llbrown.bmp Objects/cube.obj 3 -1 -1 -1 -1 -1 -1 -1 -1 -1
0.690000 -0.160000 -0.100000 0.080000 0.140000 0.080000 0 Colors/llbrown.bmp Objects/cube.obj 3 -1 -1 -1 -1 -1 -1 -1 -1 -1
0.520000 -0.110000 -0.100000 0.080000 0.190000 0.080000 0 Colors/dbrown.bmp Objects/cube.obj 6 49 -1 -1 -1 -1 -1 -1 -1 -1
0.510000 0.190000 -0.090000 0.040000 0.110000 0.040000 0 Colors/llbrown.bmp Objects/chess6.obj 13 -1 -1 -1 -1 -1 -1 -1 -1 -1
0.010000 -0.110000 0.400000 0.040000 0.110000 0.050000 0 Colors/llbrown.bmp Objects/chess2.obj 9 -1 -1 -1 -1 -1 -1 -1 -1 -1
0.010000 -0.110000 -0.600000 0.040000 0.110000 0.050000 0 Colors/llbrown.bmp Objects/chess2.obj 9 -1 -1 -1 -1 -1 -1 -1 -1 -1
1.029999 -0.110000 -0.600000 0.040000 0.110000 0.050000 0 Colors/llbrown.bmp Objects/chess2.obj 9 -1 -1 -1 -1 -1 -1 -1 -1 -1
1.029999 -0.110000 0.400000 0.040000 0.110000 0.050000 0 Colors/llbrown.bmp Objects/chess2.obj 9 -1 -1 -1 -1 -1 -1 -1 -1 -1
0.180000 -0.030000 -0.420000 0.040000 0.110000 0.050000 0 Colors/dbrown.bmp Objects/chess3.obj 9 -1 -1 -1 -1 -1 -1 -1 -1 -1
0.180000 -0.030000 0.240000 0.040000 0.110000 0.050000 0 Colors/dbrown.bmp Objects/chess3.obj 11 -1 -1 -1 -1 -1 -1 -1 -1 -1
0.860000 -0.030000 0.240000 0.040000 0.110000 0.050000 0 Colors/dbrown.bmp Objects/chess3.obj 9 -1 -1 -1 -1 -1 -1 -1 -1 -1
0.860000 -0.030000 -0.420000 0.040000 0.110000 0.050000 0 Colors/dbrown.bmp Objects/chess3.obj 11 -1 -1 -1 -1 -1 -1 -1 -1 -1
0.340000 0.060000 0.080000 0.040000 0.080000 0.040000 0 Colors/dbrown.bmp Objects/chess1.obj 11 -1 -1 -1 -1 -1 -1 -1 -1 -1
0.340000 0.060000 -0.250000 0.040000 0.080000 0.040000 0 Colors/dbrown.bmp Objects/chess1.obj 11 -1 -1 -1 -1 -1 -1 -1 -1 -1
0.690000 0.060000 -0.250000 0.040000 0.080000 0.040000 0 Colors/dbrown.bmp Objects/chess1.obj 11 -1 -1 -1 -1 -1 -1 -1 -1 -1
0.690000 0.060000 0.080000 0.040000 0.080000 0.040000 0 Colors/dbrown.bmp Objects/chess1.obj 13 -1 -1 -1 -1 -1 -1 -1 -1 -1