0.600000 Colors/gray.bmp
0.280000 -0.270000 -0.460000 0.120000 0.030000 0.090000 0 Colors/lbrown.bmp Objects/cube.obj 3 3 6 12 -1 -1 -1 -1 -1 -1
0.720000 -0.270000 -0.460000 0.120000 0.030000 0.090000 0 Colors/lbrown.bmp Objects/cube.obj 3 5 8 13 -1 -1 -1 -1 -1 -1
0.500000 -0.270000 -0.460000 0.090000 0.030000 0.090000 0 Colors/lbrown.bmp Objects/cube.obj 3 4 7 9 10 11 -1 -1 -1 -1
0.310000 -0.210000 -0.460000 0.090000 0.030000 0.090000 0 Colors/lbrown.bmp Objects/cube.obj 12 6 12 -1 -1 -1 -1 -1 -1 -1
0.500000 -0.210000 -0.460000 0.090000 0.030000 0.090000 0 Colors/lbrown.bmp Objects/cube.obj 12 7 9 10 11 -1 -1 -1 -1 -1
0.690000 -0.210000 -0.460000 0.090000 0.030000 0.090000 0 Colors/lbrown.bmp Objects/cube.obj 12 8 13 -1 -1 -1 -1 -1 -1 -1
0.310000 -0.150000 -0.460000 0.060000 0.030000 0.060000 0 Colors/lbrown.bmp Objects/cube.obj 22 12 -1 -1 -1 -1 -1 -1 -1 -1
0.500000 -0.150000 -0.460000 0.060000 0.030000 0.060000 0 Colors/lbrown.bmp Objects/cube.obj 22 9 10 11 -1 -1 -1 -1 -1 -1
0.690000 -0.150000 -0.460000 0.060000 0.030000 0.060000 0 Colors/lbrown.bmp Objects/cube.obj 22 13 -1 -1 -1 -1 -1 -1 -1 -1
0.500000 -0.090000 -0.460000 0.040000 0.030000 0.040000 0 Colors/blue.bmp Objects/cube.obj 32 10 11 -1 -1 -1 -1 -1 -1 -1
0.500000 -0.030000 -0.470000 0.060000 0.030000 0.060000 0 Colors/lbrown.bmp Objects/cube.obj 41 11 -1 -1 -1 -1 -1 -1 -1 -1
0.500000 0.050000 -0.460000 0.040000 0.050000 0.040000 0 Colors/gray.bmp Objects/head.obj 52 -1 -1 -1 -1 -1 -1 -1 -1 -1
0.310000 0.100000 -0.440000 0.040000 0.220000 0.040000 0 Colors/gray.bmp Objects/tower3.obj 32 -1 -1 -1 -1 -1 -1 -1 -1 -1
0.670000 0.100000 -0.430000 0.040000 0.220000 0.040000 0 Colors/gray.bmp Objects/tower3.obj 32 -1 -1 -1 -1 -1 -1 -1 -1 -1
0.240000 -0.260000 -0.270000 0.080000 0.040000 0.070000 0 Colors/lbrown.bmp Objects/cube.obj 2 17 -1 -1 -1 -1 -1 -1 -1 -1
0.750000 -0.260000 -0.270000 0.080000 0.040000 0.070000 0 Colors/lbrown.bmp Objects/cube.obj 2 18 -1 -1 -1 -1 -1 -1 -1 -1
0.490000 -0.260000 -0.270000 0.150000 0.040000 0.070000 0 Colors/lbrown.bmp Objects/cube.obj 2 25 26 27 -1 -1 -1 -1 -1 -1
0.230000 -0.200000 -0.270000 0.070000 0.020000 0.060000 0 Colors/green.bmp Objects/L.obj 12 -1 -1 -1 -1 -1 -1 -1 -1 -1
0.760000 -0.200000 -0.270000 0.070000 0.020000 0.060000 90 Colors/green.bmp Objects/L.obj 12 -1 -1 -1 -1 -1 -1 -1 -1 -1
0.500000 -0.270000 -0.160000 0.130000 0.030000 0.040000 0 Colors/lbrown.bmp Objects/cube.obj 2 -1 -1 -1 -1 -1 -1 -1 -1 -1
0.500000 -0.280000 -0.060000 0.130000 0.020000 0.040000 0 Colors/lbrown.bmp Objects/cube.obj 2 -1 -1 -1 -1 -1 -1 -1 -1 -1
0.280000 -0.270000 -0.120000 0.080000 0.030000 0.080000 0 Colors/lbrown.bmp Objects/cube.obj 2 23 -1 -1 -1 -1 -1 -1 -1 -1
0.720000 -0.270000 -0.120000 0.080000 0.030000 0.080000 0 Colors/lbrown.bmp Objects/cube.obj 2 24 -1 -1 -1 -1 -1 -1 -1 -1
0.280000 -0.210000 -0.120000 0.060000 0.030000 0.060000 0 Colors/green.bmp Objects/cube.obj 12 -1 -1 -1 -1 -1 -1 -1 -1 -1
0.720000 -0.210000 -0.120000 0.060000 0.030000 0.060000 0 Colors/green.bmp Objects/cube.obj 12 -1 -1 -1 -1 -1 -1 -1 -1 -1
0.520000 -0.180000 -0.210000 0.030000 0.040000 0.120000 0 Colors/red.bmp Objects/duck.obj 11 -1 -1 -1 -1 -1 -1 -1 -1 -1
0.420000 -0.200000 -0.320000 0.020000 0.020000 0.020000 0 Colors/gray.bmp Objects/rubin.obj 9 -1 -1 -1 -1 -1 -1 -1 -1 -1
0.600000 -0.200000 -0.320000 0.020000 0.020000 0.020000 0 Colors/gray.bmp Objects/rubin.obj 9 -1 -1 -1 -1 -1 -1 -1 -1 -1