0.900000 Colors/gray.bmp
0.040000 -0.260000 0.210000 0.080000 0.040000 0.080000 0 Colors/llbrown.bmp Objects/cube.obj 1 44 -1 -1 -1 -1 -1 -1 -1 -1
-0.130000 -0.260000 0.210000 0.080000 0.040000 0.080000 0 Colors/dbrown.bmp Objects/cube.obj 1 29 -1 -1 -1 -1 -1 -1 -1 -1
0.200000 -0.260000 0.210000 0.080000 0.040000 0.080000 0 Colors/dbrown.bmp Objects/cube.obj 1 45 -1 -1 -1 -1 -1 -1 -1 -1
0.370000 -0.260000 0.210000 0.080000 0.040000 0.080000 0 Colors/llbrown.bmp Objects/cube.obj 1 -1 -1 -1 -1 -1 -1 -1 -1 -1
0.540000 -0.260000 0.210000 0.080000 0.040000 0.080000 0 Colors/dbrown.bmp Objects/cube.obj 1 -1 -1 -1 -1 -1 -1 -1 -1 -1
0.710000 -0.260000 0.210000 0.080000 0.040000 0.080000 0 Colors/llbrown.bmp Objects/cube.obj 1 47 -1 -1 -1 -1 -1 -1 -1 -1
0.879999 -0.260000 0.210000 0.080000 0.040000 0.080000 0 Colors/dbrown.bmp Objects/cube.obj 1 46 -1 -1 -1 -1 -1 -1 -1 -1
1.049999 -0.260000 0.210000 0.080000 0.040000 0.080000 0 Colors/llbrown.bmp Objects/cube.obj 1 38 -1 -1 -1 -1 -1 -1 -1 -1
1.049999 -0.260000 0.050000 0.080000 0.040000 0.080000 0 Colors/dbrown.bmp Objects/cube.obj 1 41 -1 -1 -1 -1 -1 -1 -1 -1
1.049999 -0.260000 -0.120000 0.080000 0.040000 0.080000 0 Colors/llbrown.bmp Objects/cube.obj 1 42 -1 -1 -1 -1 -1 -1 -1 -1
-0.130000 -0.260000 0.050000 0.080000 0.040000 0.080000 0 Colors/llbrown.bmp Objects/cube.obj 1 31 -1 -1 -1 -1 -1 -1 -1 -1
-0.130000 -0.260000 -0.120000 0.080000 0.040000 0.080000 0 Colors/dbrown.bmp Objects/cube.obj 1 33 -1 -1 -1 -1 -1 -1 -1 -1
1.049999 -0.260000 -0.280000 0.080000 0.040000 0.080000 0 Colors/dbrown.bmp Objects/cube.obj 1 37 -1 -1 -1 -1 -1 -1 -1 -1
1.049999 -0.260000 -0.450000 0.080000 0.040000 0.080000 0 Colors/llbrown.bmp Objects/cube.obj 1 36 -1 -1 -1 -1 -1 -1 -1 -1
-0.130000 -0.260000 -0.280000 0.080000 0.040000 0.080000 0 Colors/llbrown.bmp Objects/cube.obj 1 35 -1 -1 -1 -1 -1 -1 -1 -1
-0.130000 -0.260000 -0.450000 0.080000 0.040000 0.080000 0 Colors/dbrown.bmp Objects/cube.obj 1 34 -1 -1 -1 -1 -1 -1 -1 -1
1.049999 -0.260000 -0.620000 0.080000 0.040000 0.080000 0 Colors/dbrown.bmp Objects/cube.obj 1 43 -1 -1 -1 -1 -1 -1 -1 -1
1.049999 -0.260000 -0.790000 0.080000 0.040000 0.080000 0 Colors/llbrown.bmp Objects/cube.obj 1 40 -1 -1 -1 -1 -1 -1 -1 -1
1.049999 -0.260000 -0.959999 0.080000 0.040000 0.080000 0 Colors/dbrown.bmp Objects/cube.obj 1 39 -1 -1 -1 -1 -1 -1 -1 -1
-0.130000 -0.260000 -0.620000 0.080000 0.040000 0.080000 0 Colors/llbrown.bmp Objects/cube.obj 1 32 -1 -1 -1 -1 -1 -1 -1 -1
-0.130000 -0.260000 -0.790000 0.080000 0.040000 0.080000 0 Colors/dbrown.bmp Objects/cube.obj 1 30 -1 -1 -1 -1 -1 -1 -1 -1
-0.130000 -0.260000 -0.959999 0.080000 0.040000 0.080000 0 Colors/llbrown.bmp Objects/cube.obj 1 28 -1 -1 -1 -1 -1 -1 -1 -1
0.880000 -0.260000 -0.959999 0.080000 0.040000 0.080000 0 Colors/llbrown.bmp Objects/cube.obj 1 49 -1 -1 -1 -1 -1 -1 -1 -1
0.710000 -0.260000 -0.959999 0.080000 0.040000 0.080000 0 Colors/dbrown.bmp Objects/cube.obj 1 48 -1 -1 -1 -1 -1 -1 -1 -1
0.040000 -0.260000 -0.959999 0.080000 0.040000 0.080000 0 Colors/dbrown.bmp Objects/cube.obj 1 50 -1 -1 -1 -1 -1 -1 -1 -1
0.200000 -0.260000 -0.959999 0.080000 0.040000 0.080000 0 Colors/llbrown.bmp Objects/cube.obj 1 51 -1 -1 -1 -1 -1 -1 -1 -1
0.370000 -0.260000 -0.959999 0.080000 0.040000 0.080000 0 Colors/dbrown.bmp Objects/cube.obj 1 -1 -1 -1 -1 -1 -1 -1 -1 -1
0.540000 -0.260000 -0.959999 0.080000 0.040000 0.080000 0 Colors/llbrown.bmp Objects/cube.obj 1 -1 -1 -1 -1 -1 -1 -1 -1 -1
-0.130000 -0.140000 -0.969999 0.040000 0.080000 0.050000 0 Colors/llbrown.bmp Objects/chess2.obj 11 -1 -1 -1 -1 -1 -1 -1 -1 -1
-0.130000 -0.140000 0.210000 0.040000 0.080000 0.050000 0 Colors/llbrown.bmp Objects/chess2.obj 11 -1 -1 -1 -1 -1 -1 -1 -1 -1
-0.130000 -0.140000 -0.800000 0.040000 0.080000 0.050000 -180 Colors/llbrown.bmp Objects/chess6.obj 11 -1 -1 -1 -1 -1 -1 -1 -1 -1
-0.130000 -0.140000 0.040000 0.040000 0.080000 0.050000 -180 Colors/llbrown.bmp Objects/chess6.obj 11 -1 -1 -1 -1 -1 -1 -1 -1 -1
-0.130000 -0.100000 -0.610000 0.040000 0.120000 0.060000 0 Colors/llbrown.bmp Objects/chess5.obj 11 -1 -1 -1 -1 -1 -1 -1 -1 -1
-0.130000 -0.100000 -0.110000 0.040000 0.120000 0.060000 0 Colors/llbrown.bmp Objects/chess5.obj 11 -1 -1 -1 -1 -1 -1 -1 -1 -1
-0.130000 -0.090000 -0.460000 0.040000 0.130000 0.060000 0 Colors/llbrown.bmp Objects/chess4.obj 11 -1 -1 -1 -1 -1 -1 -1 -1 -1
-0.130000 -0.070000 -0.270000 0.040000 0.150000 0.060000 0 Colors/llbrown.bmp Objects/chess5.obj 11 -1 -1 -1 -1 -1 -1 -1 -1 -1
1.039999 -0.070000 -0.430000 0.040000 0.150000 0.060000 0 Colors/dbrown.bmp Objects/chess5.obj 11 -1 -1 -1 -1 -1 -1 -1 -1 -1
1.049999 -0.080000 -0.280000 0.040000 0.140000 0.060000 0 Colors/dbrown.bmp Objects/chess4.obj 11 -1 -1 -1 -1 -1 -1 -1 -1 -1
1.049999 -0.130000 0.210000 0.040000 0.090000 0.050000 0 Colors/dbrown.bmp Objects/chess2.obj 11 -1 -1 -1 -1 -1 -1 -1 -1 -1
1.049999 -0.130000 -0.969999 0.040000 0.090000 0.050000 0 Colors/dbrown.bmp Objects/chess2.obj 11 -1 -1 -1 -1 -1 -1 -1 -1 -1
1.049999 -0.130000 -0.790000 0.040000 0.090000 0.050000 0 Colors/dbrown.bmp Objects/chess6.obj 11 -1 -1 -1 -1 -1 -1 -1 -1 -1
1.049999 -0.130000 0.050000 0.040000 0.090000 0.050000 0 Colors/dbrown.bmp Objects/chess6.obj 11 -1 -1 -1 -1 -1 -1 -1 -1 -1
1.049999 -0.100000 -0.110000 0.040000 0.120000 0.050000 0 Colors/dbrown.bmp Objects/chess5.obj 11 -1 -1 -1 -1 -1 -1 -1 -1 -1
1.049999 -0.100000 -0.610000 0.040000 0.120000 0.050000 0 Colors/dbrown.bmp Objects/chess5.obj 11 -1 -1 -1 -1 -1 -1 -1 -1 -1
0.030000 -0.130000 0.220000 0.040000 0.090000 0.040000 0 Colors/llbrown.bmp Objects/chess1.obj 9 -1 -1 -1 -1 -1 -1 -1 -1 -1
0.200000 -0.130000 0.220000 0.040000 0.090000 0.040000 0 Colors/llbrown.bmp Objects/chess1.obj 11 -1 -1 -1 -1 -1 -1 -1 -1 -1
0.869999 -0.130000 0.220000 0.040000 0.090000 0.040000 0 Colors/dbrown.bmp Objects/chess1.obj 9 -1 -1 -1 -1 -1 -1 -1 -1 -1
0.700000 -0.130000 0.220000 0.040000 0.090000 0.040000 0 Colors/dbrown.bmp Objects/chess1.obj 11 -1 -1 -1 -1 -1 -1 -1 -1 -1
0.700000 -0.130000 -0.949999 0.040000 0.090000 0.040000 0 Colors/dbrown.bmp Objects/chess1.obj 11 -1 -1 -1 -1 -1 -1 -1 -1 -1
0.869999 -0.130000 -0.949999 0.040000 0.090000 0.040000 0 Colors/dbrown.bmp Objects/chess1.obj 9 -1 -1 -1 -1 -1 -1 -1 -1 -1
0.040000 -0.130000 -0.949999 0.040000 0.090000 0.040000 0 Colors/llbrown.bmp Objects/chess1.obj 9 -1 -1 -1 -1 -1 -1 -1 -1 -1
0.200000 -0.130000 -0.949999 0.040000 0.090000 0.040000 0 Colors/llbrown.bmp Objects/chess1.obj 11 -1 -1 -1 -1 -1 -1 -1 -1 -1
0.440000 -0.250000 -0.360000 0.160000 0.050000 0.190000 0 Colors/llbrown.bmp Objects/hasab6.obj 3 53 54 55 -1 -1 -1 -1 -1 -1
0.440000 0.000000 -0.360000 0.080000 0.200000 0.110000 0 Colors/llbrown.bmp Objects/hasab6.obj 13 54 55 -1 -1 -1 -1 -1 -1 -1
0.440000 0.220000 -0.360000 0.130000 0.020000 0.150000 0 Colors/llbrown.bmp Objects/hasab6.obj 21 55 -1 -1 -1 -1 -1 -1 -1 -1
0.450000 0.390000 -0.360000 0.060000 0.150000 0.070000 0 Colors/llbrown.bmp Objects/kup2.obj 33 -1 -1 -1 -1 -1 -1 -1 -1 -1