0.750000 Colors/dgreen.bmp
0.480000 -0.250000 -0.340000 0.150000 0.050000 0.170000 0 Colors/gray.bmp Objects/ring.obj 3 -1 -1 -1 -1 -1 -1 -1 -1 -1
0.480000 -0.200000 -0.310000 0.090000 0.090000 0.100000 45 Colors/blue.bmp Objects/cube.obj 2 36 37 38 -1 -1 -1 -1 -1 -1
0.260000 -0.260000 0.040000 0.050000 0.040000 0.100000 0 Colors/dbrown.bmp Objects/cube.obj 2 -1 -1 -1 -1 -1 -1 -1 -1 -1
0.110000 -0.260000 0.040000 0.090000 0.040000 0.100000 0 Colors/dbrown.bmp Objects/cube.obj 3 16 20 24 28 -1 -1 -1 -1 -1
0.110000 -0.260000 -0.170000 0.090000 0.040000 0.100000 0 Colors/dbrown.bmp Objects/cube.obj 3 7 -1 -1 -1 -1 -1 -1 -1 -1
0.110000 -0.260000 -0.380000 0.090000 0.040000 0.100000 0 Colors/dbrown.bmp Objects/cube.obj 3 8 -1 -1 -1 -1 -1 -1 -1 -1
0.110000 -0.260000 -0.590000 0.090000 0.040000 0.100000 0 Colors/dbrown.bmp Objects/cube.obj 3 17 21 25 31 -1 -1 -1 -1 -1
0.110000 -0.190000 -0.220000 0.030000 0.030000 0.070000 0 Colors/green.bmp Objects/cube.obj 1 -1 -1 -1 -1 -1 -1 -1 -1 -1
0.110000 -0.190000 -0.370000 0.030000 0.030000 0.070000 0 Colors/green.bmp Objects/cube.obj 1 -1 -1 -1 -1 -1 -1 -1 -1 -1
0.780000 -0.260000 0.040000 0.050000 0.040000 0.100000 0 Colors/dbrown.bmp Objects/cube.obj 3 -1 -1 -1 -1 -1 -1 -1 -1 -1
0.929999 -0.260000 0.040000 0.090000 0.040000 0.100000 0 Colors/dbrown.bmp Objects/cube.obj 3 19 23 27 29 -1 -1 -1 -1 -1
0.929999 -0.260000 -0.170000 0.090000 0.040000 0.100000 0 Colors/dbrown.bmp Objects/cube.obj 3 15 -1 -1 -1 -1 -1 -1 -1 -1
0.929999 -0.260000 -0.380000 0.090000 0.040000 0.100000 0 Colors/dbrown.bmp Objects/cube.obj 3 14 -1 -1 -1 -1 -1 -1 -1 -1
0.929999 -0.260000 -0.590000 0.090000 0.040000 0.100000 0 Colors/dbrown.bmp Objects/cube.obj 3 18 22 26 30 -1 -1 -1 -1 -1
0.929999 -0.190000 -0.360000 0.030000 0.030000 0.080000 0 Colors/green.bmp Objects/cube.obj 1 -1 -1 -1 -1 -1 -1 -1 -1 -1
0.929999 -0.190000 -0.190000 0.030000 0.030000 0.080000 0 Colors/green.bmp Objects/cube.obj 1 -1 -1 -1 -1 -1 -1 -1 -1 -1
0.110000 -0.170000 0.040000 0.070000 0.050000 0.070000 0 Colors/gray.bmp Objects/tower3.obj 1 20 24 28 -1 -1 -1 -1 -1 -1
0.110000 -0.170000 -0.590000 0.070000 0.050000 0.070000 0 Colors/gray.bmp Objects/tower3.obj 1 21 25 31 -1 -1 -1 -1 -1 -1
0.929999 -0.170000 -0.590000 0.070000 0.050000 0.070000 0 Colors/gray.bmp Objects/tower3.obj 1 22 26 30 -1 -1 -1 -1 -1 -1
0.929999 -0.170000 0.040000 0.070000 0.050000 0.070000 0 Colors/gray.bmp Objects/tower3.obj 1 23 27 29 -1 -1 -1 -1 -1 -1
0.110000 0.040000 0.030000 0.040000 0.160000 0.050000 0 Colors/gray.bmp Objects/obj4j.obj 1 24 28 -1 -1 -1 -1 -1 -1 -1
0.110000 0.040000 -0.600000 0.040000 0.160000 0.050000 0 Colors/gray.bmp Objects/obj4j.obj 1 25 31 -1 -1 -1 -1 -1 -1 -1
0.929999 0.040000 -0.600000 0.040000 0.160000 0.050000 180 Colors/gray.bmp Objects/obj4j.obj 1 26 30 -1 -1 -1 -1 -1 -1 -1
0.929999 0.040000 0.040000 0.040000 0.160000 0.050000 180 Colors/gray.bmp Objects/obj4j.obj 1 27 29 -1 -1 -1 -1 -1 -1 -1
0.070000 0.230000 0.040000 0.090000 0.030000 0.070000 180 Colors/dbrown.bmp Objects/cube.obj 1 28 -1 -1 -1 -1 -1 -1 -1 -1
0.070000 0.230000 -0.570000 0.090000 0.030000 0.070000 180 Colors/dbrown.bmp Objects/cube.obj 1 31 -1 -1 -1 -1 -1 -1 -1 -1
0.949999 0.230000 -0.570000 0.090000 0.030000 0.070000 180 Colors/dbrown.bmp Objects/cube.obj 1 30 -1 -1 -1 -1 -1 -1 -1 -1
0.949999 0.230000 0.060000 0.090000 0.030000 0.070000 180 Colors/dbrown.bmp Objects/cube.obj 1 29 -1 -1 -1 -1 -1 -1 -1 -1
0.070000 0.340000 0.060000 0.040000 0.080000 0.030000 180 Colors/yellow.bmp Objects/thunder.obj -1 -1 -1 -1 -1 -1 -1 -1 -1 -1
0.949999 0.340000 0.060000 0.040000 0.080000 0.030000 180 Colors/yellow.bmp Objects/thunder.obj -1 -1 -1 -1 -1 -1 -1 -1 -1 -1
0.949999 0.340000 -0.620000 0.040000 0.080000 0.030000 180 Colors/yellow.bmp Objects/thunder.obj -1 -1 -1 -1 -1 -1 -1 -1 -1 -1
0.070000 0.340000 -0.560000 0.040000 0.080000 0.030000 180 Colors/yellow.bmp Objects/thunder.obj -1 -1 -1 -1 -1 -1 -1 -1 -1 -1
0.340000 -0.260000 -0.610000 0.080000 0.040000 0.130000 270 Colors/dbrown.bmp Objects/cube.obj 1 35 -1 -1 -1 -1 -1 -1 -1 -1
0.660000 -0.260000 -0.610000 0.080000 0.040000 0.170000 270 Colors/dbrown.bmp Objects/cube.obj 3 34 -1 -1 -1 -1 -1 -1 -1 -1
0.620000 -0.190000 -0.620000 0.040000 0.030000 0.130000 270 Colors/green.bmp Objects/cube.obj 1 -1 -1 -1 -1 -1 -1 -1 -1 -1
0.350000 -0.190000 -0.620000 0.040000 0.030000 0.130000 270 Colors/green.bmp Objects/cube.obj 1 -1 -1 -1 -1 -1 -1 -1 -1 -1
0.480000 -0.020000 -0.320000 0.090000 0.090000 0.110000 0 Colors/gray.bmp Objects/cube.obj 2 37 38 -1 -1 -1 -1 -1 -1 -1
0.480000 0.160000 -0.320000 0.090000 0.090000 0.110000 45 Colors/blue.bmp Objects/cube.obj 2 38 -1 -1 -1 -1 -1 -1 -1 -1
0.480000 0.340000 -0.330000 0.150000 0.090000 0.170000 0 Colors/gray.bmp Objects/piramid.obj 2 -1 -1 -1 -1 -1 -1 -1 -1 -1
0.080000 -0.260000 0.210000 0.060000 0.040000 0.060000 0 Colors/dbrown.bmp Objects/cube.obj 1 -1 -1 -1 -1 -1 -1 -1 -1 -1
0.959999 -0.260000 0.210000 0.060000 0.040000 0.060000 0 Colors/dbrown.bmp Objects/cube.obj 1 -1 -1 -1 -1 -1 -1 -1 -1 -1
0.510000 -0.260000 0.210000 0.170000 0.040000 0.060000 0 Colors/dbrown.bmp Objects/cube.obj -2 32 71 8 -1 -1 -1 -1 -1 -1