0.750000 Colors/dgreen.bmp
0.520000 -0.250000 -0.770000 0.320000 0.050000 0.110000 0 Colors/lbrown.bmp Objects/cube.obj 2 -1 -1 -1 -1 -1 -1 -1 -1 -1
0.090000 -0.250000 -0.770000 0.100000 0.050000 0.110000 0 Colors/lbrown.bmp Objects/cube.obj 2 3 4 5 6 7 -1 -1 -1 -1
0.949999 -0.250000 -0.770000 0.100000 0.050000 0.110000 0 Colors/lbrown.bmp Objects/cube.obj 2 8 9 10 11 12 -1 -1 -1 -1
0.090000 -0.150000 -0.770000 0.070000 0.050000 0.080000 0 Colors/lbrown.bmp Objects/cube.obj 11 4 5 6 7 -1 -1 -1 -1 -1
0.090000 -0.050000 -0.770000 0.070000 0.050000 0.080000 0 Colors/lbrown.bmp Objects/cube.obj 21 5 6 7 -1 -1 -1 -1 -1 -1
0.090000 0.050000 -0.770000 0.080000 0.050000 0.090000 0 Colors/blue.bmp Objects/gula4_cs.obj 31 6 7 -1 -1 -1 -1 -1 -1 -1
0.080000 0.140000 -0.770000 0.070000 0.040000 0.080000 0 Colors/red.bmp Objects/cube.obj 41 7 -1 -1 -1 -1 -1 -1 -1 -1
0.080000 0.230000 -0.780000 0.080000 0.050000 0.090000 0 Colors/blue.bmp Objects/piramid.obj 51 -1 -1 -1 -1 -1 -1 -1 -1 -1
0.949999 -0.150000 -0.770000 0.070000 0.050000 0.080000 0 Colors/lbrown.bmp Objects/cube.obj 11 9 10 11 12 -1 -1 -1 -1 -1
0.949999 -0.050000 -0.770000 0.070000 0.050000 0.080000 0 Colors/lbrown.bmp Objects/cube.obj 21 10 11 12 -1 -1 -1 -1 -1 -1
0.949999 0.050000 -0.770000 0.080000 0.050000 0.090000 0 Colors/blue.bmp Objects/gula4_cs.obj 31 11 12 -1 -1 -1 -1 -1 -1 -1
0.949999 0.130000 -0.790000 0.060000 0.030000 0.070000 0 Colors/red.bmp Objects/cube.obj 41 12 -1 -1 -1 -1 -1 -1 -1 -1
0.949999 0.230000 -0.790000 0.080000 0.070000 0.090000 0 Colors/blue.bmp Objects/piramid.obj 51 -1 -1 -1 -1 -1 -1 -1 -1 -1
0.520000 -0.250000 -0.360000 0.240000 0.050000 0.280000 0 Colors/lbrown.bmp Objects/cube.obj 5 14 15 16 -1 -1 -1 -1 -1 -1
0.520000 -0.150000 -0.350000 0.190000 0.050000 0.210000 0 Colors/dgreen.bmp Objects/cube.obj 13 15 16 -1 -1 -1 -1 -1 -1 -1
0.510000 -0.050000 -0.380000 0.100000 0.050000 0.120000 0 Colors/red.bmp Objects/kup.obj 22 16 -1 -1 -1 -1 -1 -1 -1 -1
0.520000 0.120000 -0.340000 0.110000 0.120000 0.030000 0 Colors/yellow.bmp Objects/moon.obj 31 -1 -1 -1 -1 -1 -1 -1 -1 -1
0.030000 -0.260000 -0.540000 0.100000 0.040000 0.120000 0 Colors/lbrown.bmp Objects/cube.obj 2 -1 -1 -1 -1 -1 -1 -1 -1 -1
-0.030000 -0.260000 -0.290000 0.100000 0.040000 0.120000 0 Colors/lbrown.bmp Objects/cube.obj 2 29 -1 -1 -1 -1 -1 -1 -1 -1
-0.100000 -0.260000 -0.040000 0.100000 0.040000 0.120000 0 Colors/lbrown.bmp Objects/cube.obj 2 -1 -1 -1 -1 -1 -1 -1 -1 -1
1.009999 -0.260000 -0.540000 0.100000 0.040000 0.120000 0 Colors/lbrown.bmp Objects/cube.obj 2 -1 -1 -1 -1 -1 -1 -1 -1 -1
1.059999 -0.260000 -0.290000 0.100000 0.040000 0.120000 0 Colors/lbrown.bmp Objects/cube.obj 2 30 -1 -1 -1 -1 -1 -1 -1 -1
1.109999 -0.260000 -0.040000 0.100000 0.040000 0.120000 0 Colors/lbrown.bmp Objects/cube.obj 2 -1 -1 -1 -1 -1 -1 -1 -1 -1
-0.090000 -0.260000 0.190000 0.090000 0.040000 0.100000 0 Colors/lbrown.bmp Objects/cube.obj 2 31 33 35 -1 -1 -1 -1 -1 -1
0.100000 -0.260000 0.190000 0.090000 0.040000 0.100000 0 Colors/lbrown.bmp Objects/cube.obj 2 37 -1 -1 -1 -1 -1 -1 -1 -1
0.290000 -0.260000 0.190000 0.090000 0.040000 0.100000 0 Colors/lbrown.bmp Objects/cube.obj 2 38 -1 -1 -1 -1 -1 -1 -1 -1
1.099999 -0.260000 0.190000 0.090000 0.040000 0.100000 0 Colors/lbrown.bmp Objects/cube.obj 2 32 34 36 -1 -1 -1 -1 -1 -1
0.909999 -0.260000 0.190000 0.090000 0.040000 0.100000 0 Colors/lbrown.bmp Objects/cube.obj 2 40 -1 -1 -1 -1 -1 -1 -1 -1
0.720000 -0.260000 0.190000 0.090000 0.040000 0.100000 0 Colors/lbrown.bmp Objects/cube.obj 2 39 -1 -1 -1 -1 -1 -1 -1 -1
-0.030000 -0.190000 -0.270000 0.070000 0.030000 0.080000 0 Colors/dgreen.bmp Objects/cube.obj 11 -1 -1 -1 -1 -1 -1 -1 -1 -1
1.059999 -0.190000 -0.270000 0.070000 0.030000 0.080000 0 Colors/dgreen.bmp Objects/cube.obj 11 -1 -1 -1 -1 -1 -1 -1 -1 -1
-0.090000 -0.190000 0.190000 0.070000 0.030000 0.080000 0 Colors/lbrown.bmp Objects/cube.obj 11 33 35 -1 -1 -1 -1 -1 -1 -1
1.099999 -0.190000 0.190000 0.070000 0.030000 0.080000 0 Colors/lbrown.bmp Objects/cube.obj 11 34 36 -1 -1 -1 -1 -1 -1 -1
-0.090000 -0.010000 0.200000 0.060000 0.150000 0.060000 0 Colors/blue.bmp Objects/hasab6.obj 21 35 -1 -1 -1 -1 -1 -1 -1 -1
1.099999 -0.010000 0.200000 0.060000 0.150000 0.060000 0 Colors/blue.bmp Objects/hasab6.obj 21 36 -1 -1 -1 -1 -1 -1 -1 -1
-0.090000 0.200000 0.200000 0.040000 0.060000 0.010000 0 Colors/yellow.bmp Objects/obj5.obj 29 -1 -1 -1 -1 -1 -1 -1 -1 -1
1.099999 0.200000 0.200000 0.040000 0.060000 0.010000 0 Colors/yellow.bmp Objects/obj5.obj 29 -1 -1 -1 -1 -1 -1 -1 -1 -1
0.100000 -0.120000 0.200000 0.030000 0.100000 0.040000 90 Colors/blue.bmp Objects/obj3.obj 11 -1 -1 -1 -1 -1 -1 -1 -1 -1
0.280000 -0.120000 0.200000 0.030000 0.100000 0.040000 90 Colors/blue.bmp Objects/obj3.obj 11 -1 -1 -1 -1 -1 -1 -1 -1 -1
0.710000 -0.120000 0.200000 0.030000 0.100000 0.040000 90 Colors/blue.bmp Objects/obj3.obj 11 -1 -1 -1 -1 -1 -1 -1 -1 -1
0.899999 -0.120000 0.200000 0.030000 0.100000 0.040000 90 Colors/blue.bmp Objects/obj3.obj 11 -1 -1 -1 -1 -1 -1 -1 -1 -1