0.750000 Colors/gray.bmp
0.470000 -0.250000 -0.280000 0.180000 0.050000 0.200000 0 Colors/black.bmp Objects/cube.obj 5 9 10 11 12 13 14 -1 -1 -1
0.470000 -0.250000 0.070000 0.180000 0.050000 0.140000 0 Colors/black.bmp Objects/cube.obj 5 -1 -1 -1 -1 -1 -1 -1 -1 -1
0.150000 -0.250000 -0.040000 0.130000 0.050000 0.140000 0 Colors/black.bmp Objects/cube.obj 5 27 16 -1 -1 -1 -1 -1 -1 -1
0.790000 -0.250000 -0.040000 0.130000 0.050000 0.140000 0 Colors/black.bmp Objects/cube.obj 5 25 26 28 -1 -1 -1 -1 -1 -1
0.150000 -0.250000 -0.330000 0.130000 0.050000 0.140000 0 Colors/black.bmp Objects/cube.obj 3 17 18 -1 -1 -1 -1 -1 -1 -1
0.150000 -0.250000 -0.620000 0.130000 0.050000 0.140000 0 Colors/black.bmp Objects/cube.obj 5 21 22 -1 -1 -1 -1 -1 -1 -1
0.790000 -0.250000 -0.330000 0.130000 0.050000 0.140000 0 Colors/black.bmp Objects/cube.obj 3 19 20 -1 -1 -1 -1 -1 -1 -1
0.790000 -0.250000 -0.620000 0.130000 0.050000 0.140000 0 Colors/black.bmp Objects/cube.obj 5 23 24 -1 -1 -1 -1 -1 -1 -1
0.470000 -0.250000 -0.660000 0.180000 0.050000 0.170000 0 Colors/black.bmp Objects/cube.obj 4 29 -1 -1 -1 -1 -1 -1 -1 -1
0.460000 -0.150000 -0.290000 0.100000 0.050000 0.110000 0 Colors/red.bmp Objects/henger.obj 12 10 11 12 13 14 -1 -1 -1 -1
0.460000 -0.050000 -0.290000 0.100000 0.050000 0.110000 0 Colors/red.bmp Objects/henger.obj 22 11 12 13 14 -1 -1 -1 -1 -1
0.460000 0.050000 -0.290000 0.100000 0.050000 0.110000 0 Colors/red.bmp Objects/henger.obj 32 12 13 14 -1 -1 -1 -1 -1 -1
0.470000 0.160000 -0.300000 0.090000 0.060000 0.110000 0 Colors/yellow.bmp Objects/kup_cs.obj 41 13 14 -1 -1 -1 -1 -1 -1 -1
0.480000 0.250000 -0.300000 0.100000 0.030000 0.110000 0 Colors/red.bmp Objects/henger.obj 51 14 -1 -1 -1 -1 -1 -1 -1 -1
0.510000 0.340000 -0.260000 0.160000 0.060000 0.170000 0 Colors/yellow.bmp Objects/kup2.obj 61 -1 -1 -1 -1 -1 -1 -1 -1 -1
0.150000 -0.160000 -0.080000 0.090000 0.040000 0.110000 0 Colors/red.bmp Objects/quarter.obj 1 16 -1 -1 -1 -1 -1 -1 -1 -1
0.160000 -0.080000 -0.090000 0.060000 0.040000 0.070000 0 Colors/dgreen.bmp Objects/quarter.obj 21 -1 -1 -1 -1 -1 -1 -1 -1 -1
0.110000 -0.170000 -0.360000 0.080000 0.030000 0.150000 0 Colors/red.bmp Objects/obj7.obj 11 18 -1 -1 -1 -1 -1 -1 -1 -1
0.110000 -0.110000 -0.360000 0.050000 0.030000 0.120000 0 Colors/dgreen.bmp Objects/obj7.obj 21 -1 -1 -1 -1 -1 -1 -1 -1 -1
0.849999 -0.170000 -0.350000 0.070000 0.030000 0.160000 180 Colors/red.bmp Objects/obj7.obj 11 20 -1 -1 -1 -1 -1 -1 -1 -1
0.849999 -0.110000 -0.350000 0.040000 0.030000 0.130000 180 Colors/dgreen.bmp Objects/obj7.obj 21 -1 -1 -1 -1 -1 -1 -1 -1 -1
0.150000 -0.180000 -0.680000 0.150000 0.020000 0.070000 270 Colors/red.bmp Objects/quarter.obj 11 22 29 -1 -1 -1 -1 -1 -1 -1
0.150000 -0.140000 -0.670000 0.110000 0.020000 0.050000 270 Colors/dgreen.bmp Objects/quarter.obj 21 -1 -1 -1 -1 -1 -1 -1 -1 -1
0.849999 -0.180000 -0.670000 0.090000 0.020000 0.140000 180 Colors/red.bmp Objects/quarter.obj 11 24 -1 -1 -1 -1 -1 -1 -1 -1
0.860000 -0.140000 -0.670000 0.060000 0.020000 0.110000 180 Colors/dgreen.bmp Objects/quarter.obj 21 -1 -1 -1 -1 -1 -1 -1 -1 -1
0.810000 -0.170000 -0.040000 0.140000 0.030000 0.060000 90 Colors/red.bmp Objects/quarter.obj 11 26 -1 -1 -1 -1 -1 -1 -1 -1
0.810000 -0.110000 -0.060000 0.090000 0.030000 0.040000 90 Colors/dgreen.bmp Objects/quarter.obj 21 -1 -1 -1 -1 -1 -1 -1 -1 -1
0.070000 -0.120000 0.070000 0.060000 0.080000 0.010000 0 Colors/yellow.bmp Objects/obj6.obj 9 -1 -1 -1 -1 -1 -1 -1 -1 -1
0.880000 -0.120000 0.070000 0.060000 0.080000 0.010000 0 Colors/yellow.bmp Objects/obj6.obj 9 -1 -1 -1 -1 -1 -1 -1 -1 -1
0.460000 -0.130000 -0.650000 0.160000 0.030000 0.020000 0 Colors/red.bmp Objects/cube.obj 21 -1 -1 -1 -1 -1 -1 -1 -1 -1