0.800000 Colors/gray.bmp
0.450000 -0.260000 -0.290000 0.080000 0.040000 0.100000 0 Colors/dbrown.bmp Objects/henger.obj 3 1 2 7 8 9 -1 -1 -1 -1
0.450000 -0.180000 -0.290000 0.080000 0.040000 0.100000 0 Colors/blue.bmp Objects/henger.obj 13 2 7 8 9 -1 -1 -1 -1 -1
0.450000 -0.060000 -0.290000 0.080000 0.080000 0.100000 0 Colors/gray.bmp Objects/henger.obj 21 7 8 9 -1 -1 -1 -1 -1 -1
0.300000 -0.260000 -0.530000 0.080000 0.040000 0.130000 0 Colors/blue.bmp Objects/cube.obj 2 -1 -1 -1 -1 -1 -1 -1 -1 -1
0.520000 -0.260000 -0.530000 0.080000 0.040000 0.130000 0 Colors/blue.bmp Objects/cube.obj 2 -1 -1 -1 -1 -1 -1 -1 -1 -1
0.440000 -0.230000 -0.820000 0.320000 0.070000 0.130000 0 Colors/yellow.bmp Objects/cube.obj 3 6 -1 -1 -1 -1 -1 -1 -1 -1
0.440000 -0.120000 -0.820000 0.320000 0.040000 0.130000 0 Colors/blue.bmp Objects/cube.obj 12 -1 -1 -1 -1 -1 -1 -1 -1 -1
0.450000 0.090000 -0.250000 0.090000 0.070000 0.110000 0 Colors/yellow.bmp Objects/gula4_cs.obj 32 8 9 -1 -1 -1 -1 -1 -1 -1
0.450000 0.230000 -0.250000 0.070000 0.070000 0.090000 0 Colors/dbrown.bmp Objects/piramid.obj 41 9 -1 -1 -1 -1 -1 -1 -1 -1
0.440000 0.370000 -0.220000 0.060000 0.070000 0.010000 0 Colors/yellow.bmp Objects/obj6.obj 49 -1 -1 -1 -1 -1 -1 -1 -1 -1
0.160000 -0.270000 -0.270000 0.030000 0.030000 0.320000 0 Colors/gray.bmp Objects/cube.obj 1 -1 -1 -1 -1 -1 -1 -1 -1 -1
0.690000 -0.270000 -0.290000 0.030000 0.030000 0.320000 0 Colors/gray.bmp Objects/cube.obj 1 -1 -1 -1 -1 -1 -1 -1 -1 -1
0.010000 -0.180000 -0.740000 0.070000 0.120000 0.090000 270 Colors/brown.bmp Objects/obj2.obj 3 -1 -1 -1 -1 -1 -1 -1 -1 -1
0.010000 -0.180000 0.000000 0.070000 0.120000 0.090000 270 Colors/brown.bmp Objects/obj2.obj 3 20 -1 -1 -1 -1 -1 -1 -1 -1
0.010000 -0.180000 -0.460000 0.070000 0.120000 0.090000 270 Colors/brown.bmp Objects/obj2.obj 3 -1 -1 -1 -1 -1 -1 -1 -1 -1
0.010000 -0.180000 -0.230000 0.070000 0.120000 0.090000 270 Colors/brown.bmp Objects/obj2.obj 3 -1 -1 -1 -1 -1 -1 -1 -1 -1
0.830000 -0.180000 0.030000 0.070000 0.120000 0.090000 90 Colors/brown.bmp Objects/obj2.obj 3 21 -1 -1 -1 -1 -1 -1 -1 -1
0.859999 -0.180000 -0.730000 0.070000 0.120000 0.090000 90 Colors/brown.bmp Objects/obj2.obj 3 -1 -1 -1 -1 -1 -1 -1 -1 -1
0.859999 -0.180000 -0.470000 0.070000 0.120000 0.090000 90 Colors/brown.bmp Objects/obj2.obj 3 -1 -1 -1 -1 -1 -1 -1 -1 -1
0.859999 -0.180000 -0.240000 0.070000 0.120000 0.090000 90 Colors/brown.bmp Objects/obj2.obj 3 -1 -1 -1 -1 -1 -1 -1 -1 -1
0.030000 0.030000 0.010000 0.040000 0.090000 0.020000 0 Colors/yellow.bmp Objects/obj8.obj 9 -1 -1 -1 -1 -1 -1 -1 -1 -1
0.810000 0.030000 0.020000 0.040000 0.090000 0.020000 0 Colors/yellow.bmp Objects/obj8.obj 9 -1 -1 -1 -1 -1 -1 -1 -1 -1
0.320000 -0.260000 0.010000 0.080000 0.040000 0.120000 0 Colors/blue.bmp Objects/cube.obj 3 -1 -1 -1 -1 -1 -1 -1 -1 -1
0.530000 -0.260000 0.010000 0.080000 0.040000 0.120000 0 Colors/blue.bmp Objects/cube.obj 3 -1 -1 -1 -1 -1 -1 -1 -1 -1
0.160000 -0.100000 0.170000 0.060000 0.200000 0.070000 0 Colors/yellow.bmp Objects/cube.obj 3 -1 -1 -1 -1 -1 -1 -1 -1 -1
0.690000 -0.100000 0.190000 0.060000 0.200000 0.070000 0 Colors/yellow.bmp Objects/cube.obj 3 -1 -1 -1 -1 -1 -1 -1 -1 -1
0.450000 -0.280000 0.210000 0.020000 0.020000 0.020000 0 Colors/gray.bmp Objects/rubin.obj -1 -1 -1 -1 -1 -1 -1 -1 -1 -1
0.020000 -0.230000 -0.120000 0.02000 0.070000 0.080000 270 Colors/dbrown.bmp Objects/obj2.obj -2 -16 2 -5 -1 -1 -1 -1 -1 -1
0.020000 -0.230000 -0.350000 0.02000 0.070000 0.080000 270 Colors/dbrown.bmp Objects/obj2.obj -2 -16 2 -5 -1 -1 -1 -1 -1 -1
0.020000 -0.230000 -0.610000 0.02000 0.070000 0.080000 270 Colors/dbrown.bmp Objects/obj2.obj -2 -16 2 -5 -1 -1 -1 -1 -1 -1
0.830000 -0.230000 -0.610000 0.02000 0.070000 0.080000 90 Colors/dbrown.bmp Objects/obj2.obj -2 83 101 5 -1 -1 -1 -1 -1 -1
0.830000 -0.230000 -0.360000 0.02000 0.070000 0.080000 90 Colors/dbrown.bmp Objects/obj2.obj -2 83 101 5 -1 -1 -1 -1 -1 -1
0.830000 -0.230000 -0.110000 0.02000 0.070000 0.080000 90 Colors/dbrown.bmp Objects/obj2.obj -2 83 101 5 -1 -1 -1 -1 -1 -1