0.750000 Colors/gray.bmp
0.430000 -0.200000 -0.300000 0.100000 0.100000 0.100000 0 Colors/lblue.bmp Objects/henger.obj 3 1 2 -1 -1 -1 -1 -1 -1 -1
0.430000 0.000000 -0.300000 0.100000 0.100000 0.100000 0 Colors/lblue.bmp Objects/henger.obj 13 2 -1 -1 -1 -1 -1 -1 -1 -1
0.420000 0.200000 -0.260000 0.170000 0.100000 0.090000 0 Colors/yellow.bmp Objects/eye.obj 22 -1 -1 -1 -1 -1 -1 -1 -1 -1
0.120000 -0.270000 0.040000 0.160000 0.030000 0.170000 0 Colors/lblue.bmp Objects/qurter2.obj 5 11 27 -1 -1 -1 -1 -1 -1 -1
0.750000 -0.270000 0.040000 0.170000 0.030000 0.170000 90 Colors/lblue.bmp Objects/qurter2.obj 5 14 28 -1 -1 -1 -1 -1 -1 -1
0.760000 -0.270000 -0.600000 0.170000 0.030000 0.170000 180 Colors/lblue.bmp Objects/qurter2.obj 5 13 29 -1 -1 -1 -1 -1 -1 -1
0.120000 -0.270000 -0.600000 0.170000 0.030000 0.170000 270 Colors/lblue.bmp Objects/qurter2.obj 5 12 30 -1 -1 -1 -1 -1 -1 -1
0.070000 -0.270000 -0.280000 0.160000 0.030000 0.140000 0 Colors/lblue.bmp Objects/cube.obj 4 15 19 23 -1 -1 -1 -1 -1 -1
0.430000 -0.270000 0.070000 0.140000 0.030000 0.200000 0 Colors/lblue.bmp Objects/cube.obj 4 16 20 24 -1 -1 -1 -1 -1 -1
0.790000 -0.270000 -0.280000 0.180000 0.030000 0.140000 0 Colors/lblue.bmp Objects/cube.obj 4 17 21 25 -1 -1 -1 -1 -1 -1
0.400000 -0.270000 -0.620000 0.100000 0.030000 0.190000 0 Colors/lblue.bmp Objects/cube.obj 4 18 22 26 -1 -1 -1 -1 -1 -1
0.120000 -0.210000 0.040000 0.140000 0.030000 0.140000 0 Colors/gray.bmp Objects/qurter2.obj 12 27 -1 -1 -1 -1 -1 -1 -1 -1
0.120000 -0.210000 -0.600000 0.140000 0.030000 0.140000 270 Colors/dgreen.bmp Objects/qurter2.obj 11 30 -1 -1 -1 -1 -1 -1 -1 -1
0.770000 -0.210000 -0.600000 0.140000 0.030000 0.140000 180 Colors/gray.bmp Objects/qurter2.obj 11 29 -1 -1 -1 -1 -1 -1 -1 -1
0.740000 -0.210000 0.050000 0.140000 0.030000 0.140000 90 Colors/dgreen.bmp Objects/qurter2.obj 12 28 -1 -1 -1 -1 -1 -1 -1 -1
0.080000 -0.200000 -0.270000 0.140000 0.040000 0.090000 0 Colors/blue.bmp Objects/cube.obj 12 19 23 -1 -1 -1 -1 -1 -1 -1
0.420000 -0.200000 0.060000 0.090000 0.040000 0.150000 0 Colors/blue.bmp Objects/cube.obj 12 20 24 -1 -1 -1 -1 -1 -1 -1
0.760000 -0.200000 -0.260000 0.140000 0.040000 0.100000 0 Colors/blue.bmp Objects/cube.obj 12 21 25 -1 -1 -1 -1 -1 -1 -1
0.410000 -0.200000 -0.610000 0.090000 0.040000 0.150000 0 Colors/blue.bmp Objects/cube.obj 12 22 26 -1 -1 -1 -1 -1 -1 -1
0.100000 -0.120000 -0.260000 0.090000 0.040000 0.060000 0 Colors/orange.bmp Objects/cube.obj 21 23 -1 -1 -1 -1 -1 -1 -1 -1
0.410000 -0.120000 0.050000 0.060000 0.040000 0.100000 0 Colors/orange.bmp Objects/cube.obj 21 24 -1 -1 -1 -1 -1 -1 -1 -1
0.720000 -0.120000 -0.250000 0.100000 0.040000 0.070000 0 Colors/orange.bmp Objects/cube.obj 21 25 -1 -1 -1 -1 -1 -1 -1 -1
0.390000 -0.120000 -0.570000 0.060000 0.040000 0.100000 0 Colors/orange.bmp Objects/cube.obj 21 26 -1 -1 -1 -1 -1 -1 -1 -1
0.060000 0.180000 -0.230000 0.050000 0.260000 0.050000 0 Colors/yellow.bmp Objects/tower3.obj 31 -1 -1 -1 -1 -1 -1 -1 -1 -1
0.400000 0.180000 0.110000 0.050000 0.260000 0.050000 0 Colors/yellow.bmp Objects/tower3.obj 31 -1 -1 -1 -1 -1 -1 -1 -1 -1
0.730000 0.180000 -0.210000 0.050000 0.260000 0.050000 0 Colors/yellow.bmp Objects/tower3.obj 31 -1 -1 -1 -1 -1 -1 -1 -1 -1
0.380000 0.180000 -0.570000 0.050000 0.260000 0.050000 0 Colors/yellow.bmp Objects/tower3.obj 31 -1 -1 -1 -1 -1 -1 -1 -1 -1
0.140000 -0.130000 0.030000 0.030000 0.050000 0.010000 0 Colors/gray.bmp Objects/obj9.obj 19 -1 -1 -1 -1 -1 -1 -1 -1 -1
0.740000 -0.130000 0.030000 0.030000 0.050000 0.010000 0 Colors/gray.bmp Objects/obj9.obj 19 -1 -1 -1 -1 -1 -1 -1 -1 -1
0.740000 -0.130000 -0.610000 0.030000 0.050000 0.010000 0 Colors/gray.bmp Objects/obj9.obj 19 -1 -1 -1 -1 -1 -1 -1 -1 -1
0.150000 -0.130000 -0.580000 0.030000 0.050000 0.010000 0 Colors/gray.bmp Objects/obj9.obj 19 -1 -1 -1 -1 -1 -1 -1 -1 -1