0.750000 Colors/lblue.bmp
0.500000 -0.250000 -0.270000 0.200000 0.050000 0.210000 0 Colors/dbrown.bmp Objects/cube.obj 6 1 2 -1 -1 -1 -1 -1 -1 -1
0.490000 -0.150000 -0.270000 0.150000 0.050000 0.160000 0 Colors/yellow.bmp Objects/cube.obj 14 2 -1 -1 -1 -1 -1 -1 -1 -1
0.490000 0.100000 -0.270000 0.070000 0.200000 0.090000 0 Colors/yellow.bmp Objects/glass.obj 24 -1 -1 -1 -1 -1 -1 -1 -1 -1
0.500000 -0.270000 0.040000 0.200000 0.030000 0.090000 0 Colors/dbrown.bmp Objects/cube.obj 2 17 19 -1 -1 -1 -1 -1 -1 -1
0.500000 -0.270000 -0.590000 0.200000 0.030000 0.090000 0 Colors/dbrown.bmp Objects/cube.obj 2 18 -1 -1 -1 -1 -1 -1 -1 -1
0.210000 -0.270000 0.040000 0.080000 0.030000 0.090000 0 Colors/dbrown.bmp Objects/cube.obj 3 9 13 -1 -1 -1 -1 -1 -1 -1
0.210000 -0.270000 -0.590000 0.080000 0.030000 0.090000 0 Colors/dbrown.bmp Objects/cube.obj 3 12 16 -1 -1 -1 -1 -1 -1 -1
0.790000 -0.270000 -0.590000 0.080000 0.030000 0.090000 0 Colors/dbrown.bmp Objects/cube.obj 3 11 15 -1 -1 -1 -1 -1 -1 -1
0.790000 -0.270000 0.040000 0.080000 0.030000 0.090000 0 Colors/dbrown.bmp Objects/cube.obj 3 10 14 -1 -1 -1 -1 -1 -1 -1
0.200000 0.020000 0.070000 0.050000 0.260000 0.050000 0 Colors/orange.bmp Objects/tower3.obj 11 13 -1 -1 -1 -1 -1 -1 -1 -1
0.780000 0.020000 0.070000 0.050000 0.260000 0.050000 0 Colors/orange.bmp Objects/tower3.obj 11 14 -1 -1 -1 -1 -1 -1 -1 -1
0.780000 0.020000 -0.560000 0.050000 0.260000 0.050000 0 Colors/orange.bmp Objects/tower3.obj 11 15 -1 -1 -1 -1 -1 -1 -1 -1
0.200000 0.020000 -0.560000 0.050000 0.260000 0.050000 0 Colors/orange.bmp Objects/tower3.obj 11 16 -1 -1 -1 -1 -1 -1 -1 -1
0.190000 0.340000 0.080000 0.050000 0.060000 0.020000 0 Colors/yellow.bmp Objects/moon.obj 21 -1 -1 -1 -1 -1 -1 -1 -1 -1
0.760000 0.340000 0.080000 0.050000 0.060000 0.020000 0 Colors/yellow.bmp Objects/moon.obj 21 -1 -1 -1 -1 -1 -1 -1 -1 -1
0.760000 0.340000 -0.530000 0.050000 0.060000 0.020000 0 Colors/yellow.bmp Objects/moon.obj 21 -1 -1 -1 -1 -1 -1 -1 -1 -1
0.190000 0.340000 -0.530000 0.050000 0.060000 0.020000 0 Colors/yellow.bmp Objects/moon.obj 21 -1 -1 -1 -1 -1 -1 -1 -1 -1
0.490000 -0.210000 0.040000 0.150000 0.030000 0.070000 0 Colors/dgreen.bmp Objects/cube.obj 12 19 -1 -1 -1 -1 -1 -1 -1 -1
0.490000 -0.210000 -0.580000 0.150000 0.030000 0.070000 0 Colors/dgreen.bmp Objects/cube.obj 12 -1 -1 -1 -1 -1 -1 -1 -1 -1
0.490000 -0.110000 0.050000 0.040000 0.070000 0.010000 0 Colors/yellow.bmp Objects/obj8.obj 19 -1 -1 -1 -1 -1 -1 -1 -1 -1
0.230000 -0.230000 -0.110000 0.050000 0.070000 0.030000 270 Colors/yellow.bmp Objects/fence.obj 2 -1 -1 -1 -1 -1 -1 -1 -1 -1
0.230000 -0.230000 -0.450000 0.050000 0.070000 0.030000 270 Colors/yellow.bmp Objects/fence.obj 2 -1 -1 -1 -1 -1 -1 -1 -1 -1
0.230000 -0.230000 -0.340000 0.050000 0.070000 0.030000 270 Colors/yellow.bmp Objects/fence.obj 2 -1 -1 -1 -1 -1 -1 -1 -1 -1
0.230000 -0.230000 -0.230000 0.050000 0.070000 0.030000 270 Colors/yellow.bmp Objects/fence.obj 2 -1 -1 -1 -1 -1 -1 -1 -1 -1
0.780000 -0.230000 -0.110000 0.050000 0.070000 0.030000 270 Colors/yellow.bmp Objects/fence.obj 2 -1 -1 -1 -1 -1 -1 -1 -1 -1
0.780000 -0.230000 -0.440000 0.050000 0.070000 0.030000 270 Colors/yellow.bmp Objects/fence.obj 2 -1 -1 -1 -1 -1 -1 -1 -1 -1
0.780000 -0.230000 -0.320000 0.050000 0.070000 0.030000 270 Colors/yellow.bmp Objects/fence.obj 2 -1 -1 -1 -1 -1 -1 -1 -1 -1
0.780000 -0.230000 -0.220000 0.050000 0.070000 0.030000 270 Colors/yellow.bmp Objects/fence.obj 2 -1 -1 -1 -1 -1 -1 -1 -1 -1