0.750000 Colors/gray.bmp
0.450000 -0.270000 -0.600000 0.140000 0.030000 0.150000 0 Colors/lblue.bmp Objects/cube.obj 3 15 16 17 -1 -1 -1 -1 -1 -1
0.450000 -0.270000 -0.290000 0.140000 0.030000 0.150000 0 Colors/lblue.bmp Objects/cube.obj 5 -1 -1 -1 -1 -1 -1 -1 -1 -1
0.450000 -0.270000 0.020000 0.140000 0.030000 0.150000 0 Colors/lblue.bmp Objects/cube.obj 3 18 -1 -1 -1 -1 -1 -1 -1 -1
0.160000 -0.270000 -0.290000 0.140000 0.030000 0.150000 0 Colors/lblue.bmp Objects/cube.obj 3 13 23 26 32 38 -1 -1 -1 -1
0.740000 -0.270000 -0.290000 0.140000 0.030000 0.150000 0 Colors/lblue.bmp Objects/cube.obj 3 14 24 29 35 41 -1 -1 -1 -1
0.190000 -0.270000 -0.010000 0.110000 0.030000 0.120000 0 Colors/lblue.bmp Objects/cube.obj 2 10 19 25 31 37 -1 -1 -1 -1
0.710000 -0.270000 -0.010000 0.110000 0.030000 0.120000 0 Colors/lblue.bmp Objects/cube.obj 2 11 22 30 36 42 -1 -1 -1 -1
0.710000 -0.270000 -0.570000 0.110000 0.030000 0.120000 0 Colors/lblue.bmp Objects/cube.obj 2 12 21 28 34 40 -1 -1 -1 -1
0.190000 -0.270000 -0.570000 0.110000 0.030000 0.120000 0 Colors/lblue.bmp Objects/cube.obj 2 9 20 27 33 39 -1 -1 -1 -1
0.190000 -0.220000 -0.570000 0.080000 0.020000 0.090000 0 Colors/yellow.bmp Objects/cube.obj 1 20 27 33 39 -1 -1 -1 -1 -1
0.190000 -0.220000 -0.010000 0.080000 0.020000 0.090000 0 Colors/yellow.bmp Objects/cube.obj 1 19 25 31 37 -1 -1 -1 -1 -1
0.710000 -0.220000 -0.010000 0.080000 0.020000 0.090000 0 Colors/yellow.bmp Objects/cube.obj 1 22 30 36 42 -1 -1 -1 -1 -1
0.710000 -0.220000 -0.570000 0.080000 0.020000 0.090000 0 Colors/yellow.bmp Objects/cube.obj 1 21 28 34 40 -1 -1 -1 -1 -1
0.090000 -0.220000 -0.280000 0.050000 0.020000 0.100000 0 Colors/yellow.bmp Objects/cube.obj 1 -1 -1 -1 -1 -1 -1 -1 -1 -1
0.780000 -0.220000 -0.280000 0.050000 0.020000 0.100000 0 Colors/yellow.bmp Objects/cube.obj 1 -1 -1 -1 -1 -1 -1 -1 -1 -1
0.450000 -0.190000 -0.610000 0.090000 0.050000 0.100000 0 Colors/yellow.bmp Objects/cube.obj 2 16 17 -1 -1 -1 -1 -1 -1 -1
0.450000 -0.060000 -0.610000 0.070000 0.080000 0.080000 0 Colors/lblue.bmp Objects/tower3.obj 2 17 -1 -1 -1 -1 -1 -1 -1 -1
0.460000 0.160000 -0.600000 0.040000 0.140000 0.010000 0 Colors/yellow.bmp Objects/thunder.obj 2 -1 -1 -1 -1 -1 -1 -1 -1 -1
0.440000 -0.130000 0.070000 0.010000 0.110000 0.020000 0 Colors/yellow.bmp Objects/thunder.obj 1 -1 -1 -1 -1 -1 -1 -1 -1 -1
0.210000 -0.120000 -0.010000 0.040000 0.080000 0.040000 0 Colors/lblue.bmp Objects/cube.obj 1 25 31 37 -1 -1 -1 -1 -1 -1
0.210000 -0.120000 -0.570000 0.040000 0.080000 0.040000 0 Colors/lblue.bmp Objects/cube.obj 1 27 33 39 -1 -1 -1 -1 -1 -1
0.690000 -0.120000 -0.570000 0.040000 0.080000 0.040000 0 Colors/lblue.bmp Objects/cube.obj 1 28 34 40 -1 -1 -1 -1 -1 -1
0.690000 -0.120000 -0.000000 0.040000 0.080000 0.040000 0 Colors/lblue.bmp Objects/cube.obj 1 30 36 42 -1 -1 -1 -1 -1 -1
0.220000 -0.150000 -0.280000 0.040000 0.090000 0.040000 0 Colors/lblue.bmp Objects/cube.obj 1 26 32 38 -1 -1 -1 -1 -1 -1
0.670000 -0.150000 -0.280000 0.040000 0.090000 0.040000 0 Colors/lblue.bmp Objects/cube.obj 1 29 35 41 -1 -1 -1 -1 -1 -1
0.210000 0.030000 0.020000 0.040000 0.070000 0.040000 0 Colors/blue.bmp Objects/diamond1.obj 1 31 37 -1 -1 -1 -1 -1 -1 -1
0.210000 0.010000 -0.250000 0.040000 0.070000 0.040000 0 Colors/blue.bmp Objects/diamond1.obj 1 32 38 -1 -1 -1 -1 -1 -1 -1
0.200000 0.030000 -0.540000 0.040000 0.070000 0.040000 0 Colors/blue.bmp Objects/diamond1.obj 1 33 39 -1 -1 -1 -1 -1 -1 -1
0.670000 0.030000 -0.530000 0.040000 0.070000 0.040000 0 Colors/blue.bmp Objects/diamond1.obj 1 34 40 -1 -1 -1 -1 -1 -1 -1
0.650000 0.010000 -0.240000 0.040000 0.070000 0.040000 0 Colors/blue.bmp Objects/diamond1.obj 1 35 41 -1 -1 -1 -1 -1 -1 -1
0.670000 0.030000 0.030000 0.040000 0.070000 0.040000 0 Colors/blue.bmp Objects/diamond1.obj 1 36 42 -1 -1 -1 -1 -1 -1 -1
0.200000 0.120000 0.030000 0.040000 0.020000 0.040000 0 Colors/lblue.bmp Objects/cube.obj 1 37 -1 -1 -1 -1 -1 -1 -1 -1
0.200000 0.100000 -0.230000 0.040000 0.020000 0.040000 0 Colors/lblue.bmp Objects/cube.obj 1 38 -1 -1 -1 -1 -1 -1 -1 -1
0.200000 0.120000 -0.540000 0.040000 0.020000 0.040000 0 Colors/lblue.bmp Objects/cube.obj 1 39 -1 -1 -1 -1 -1 -1 -1 -1
0.680000 0.120000 -0.540000 0.040000 0.020000 0.040000 0 Colors/lblue.bmp Objects/cube.obj 1 40 -1 -1 -1 -1 -1 -1 -1 -1
0.650000 0.100000 -0.250000 0.040000 0.020000 0.040000 0 Colors/lblue.bmp Objects/cube.obj 1 41 -1 -1 -1 -1 -1 -1 -1 -1
0.650000 0.120000 0.050000 0.040000 0.020000 0.040000 0 Colors/lblue.bmp Objects/cube.obj 1 42 -1 -1 -1 -1 -1 -1 -1 -1
0.200000 0.180000 0.020000 0.030000 0.040000 0.040000 0 Colors/yellow.bmp Objects/head.obj 1 -1 -1 -1 -1 -1 -1 -1 -1 -1
0.200000 0.160000 -0.240000 0.030000 0.040000 0.040000 0 Colors/yellow.bmp Objects/head.obj 1 -1 -1 -1 -1 -1 -1 -1 -1 -1
0.200000 0.180000 -0.550000 0.030000 0.040000 0.040000 0 Colors/yellow.bmp Objects/head.obj 1 -1 -1 -1 -1 -1 -1 -1 -1 -1
0.680000 0.180000 -0.550000 0.030000 0.040000 0.040000 0 Colors/yellow.bmp Objects/head.obj 1 -1 -1 -1 -1 -1 -1 -1 -1 -1
0.650000 0.160000 -0.260000 0.030000 0.040000 0.040000 0 Colors/yellow.bmp Objects/head.obj 1 -1 -1 -1 -1 -1 -1 -1 -1 -1
0.650000 0.180000 0.040000 0.030000 0.040000 0.040000 0 Colors/yellow.bmp Objects/head.obj 1 -1 -1 -1 -1 -1 -1 -1 -1 -1